2000
16.621564, 59.483629
74.865101, 35.837185
97.256463, 25.371100
72.278596, 14.904710
24.506596, 31.948942
49.384915, 65.458929
85.198924, 74.045104
48.988078, 21.080311
98.509938, 1.137470
87.118347, 84.339600
49.635450, 95.501384
55.176429, 22.113495
66.828210, 63.448047
23.746928, 59.952682
87.511321, 67.819575
20.086251, 63.141709
33.683223, 59.894855
86.817145, 34.675187
34.878718, 98.119720
48.002210, 80.672582
68.493079, 18.345785
27.212434, 80.676330
58.438437, 40.777467
10.586071, 42.320368
27.425142, 80.301360
12.217884, 26.280802
8.309342, 4.676082
67.729143, 4.527974
11.382864, 89.379122
42.937200, 86.387470
5.297370, 77.078424
33.761919, 92.551637
99.778490, 1.163387
55.192979, 56.318919
11.712306, 23.457284
25.647746, 27.382066
93.580860, 59.312478
24.690809, 70.513197
5.309051, 28.209258
57.096355, 53.543990
24.026782, 18.173078
8.668562, 88.020806
17.260046, 97.260387
83.721473, 74.745799
95.565419, 82.547199
35.396470, 64.693300
62.086524, 4.581555
47.622290, 27.744066
25.366485, 92.638154
60.838042, 27.330340
97.945199, 53.699280
52.730608, 52.578037
47.031660, 38.820128
70.332043, 73.108336
23.597747, 29.755164
36.502069, 19.818664
78.612298, 62.761227
79.998021, 80.470879
60.442189, 89.059411
75.272429, 74.432399
54.521577, 61.480799
39.573609, 46.298369
52.737686, 44.300285
32.330871, 96.314069
29.061806, 87.185660
82.938613, 61.811343
78.593802, 57.067696
57.012109, 88.053031
25.904666, 75.074916
93.227726, 12.830177
30.906789, 78.130784
17.929581, 89.036112
26.230795, 57.618741
73.558572, 53.062805
38.624903, 96.808513
34.164031, 39.598371
3.879407, 85.538528
62.575333, 62.280446
41.809923, 52.929260
86.652443, 77.388393
2.207020, 79.813640
12.882760, 33.332822
57.844010, 10.954969
58.870079, 56.432121
83.478999, 4.618009
19.710221, 91.486083
95.576108, 44.565947
12.525131, 37.488849
4.175649, 47.850592
80.743896, 89.302773
86.777432, 65.008945
3.376494, 30.687813
0.583043, 81.711817
23.487386, 86.831539
7.529279, 77.009087
83.126397, 12.835608
75.357548, 66.934080
81.057720, 15.276822
58.701439, 83.820475
9.352429, 76.815242
35.671178, 77.882227
15.781658, 19.455036
48.359764, 64.750778
74.047631, 52.106615
38.376073, 20.636519
63.873915, 59.911144
27.663472, 38.688584
50.753124, 56.361855
55.105684, 11.864635
50.863792, 58.435258
96.064020, 88.752571
71.181414, 20.979641
31.713855, 70.875251
50.279837, 56.949971
74.196119, 37.874266
63.297640, 1.121509
66.142356, 17.754263
92.039679, 20.549917
9.427364, 24.763335
37.547652, 66.512597
88.975016, 27.032661
10.488822, 13.185466
39.851591, 21.249978
6.672972, 4.542633
67.417879, 96.576306
95.665947, 4.046861
98.293763, 55.840885
69.169851, 13.978476
70.711808, 2.968821
27.375626, 76.094145
21.463094, 94.321834
40.988610, 14.190924
9.565000, 74.841086
52.612047, 95.821895
35.187105, 63.110023
16.986890, 7.379395
87.672467, 54.127195
49.559333, 7.833779
63.555841, 40.872016
95.371430, 98.732234
41.699990, 59.059427
93.917581, 63.951480
93.492178, 67.319298
36.646276, 48.527361
83.875827, 32.787128
64.610984, 13.597985
82.750135, 6.773787
92.328558, 23.454045
19.599144, 27.272959
91.327478, 49.289808
0.804412, 93.274263
25.855617, 39.594888
19.095896, 69.056418
8.376650, 85.096046
53.327542, 83.220136
61.200249, 88.338963
56.084598, 62.753482
8.999670, 33.724885
26.026921, 52.875375
45.890860, 85.022629
96.090250, 1.732749
53.088871, 21.679020
9.097826, 76.786669
39.197882, 90.797996
50.708760, 49.308673
36.073168, 26.454382
28.981729, 68.377318
66.413282, 23.903571
97.336964, 78.663718
70.914769, 62.011349
10.313823, 71.795498
5.510640, 42.284148
47.738604, 72.792033
55.203363, 72.272739
15.464324, 88.453975
38.706717, 97.783828
90.528603, 94.510959
79.716931, 90.415760
81.758562, 1.930138
22.843495, 97.469665
70.589189, 22.081557
84.867606, 23.376198
41.528211, 20.966675
92.407563, 93.483371
66.535989, 2.282550
51.976229, 21.102702
30.536201, 79.474281
52.500829, 32.196823
5.177641, 70.602159
94.143873, 60.021566
81.189020, 14.298463
31.917238, 80.535400
77.190883, 31.936509
94.806879, 97.560437
67.859265, 36.531347
48.497660, 99.248455
6.617536, 14.572358
18.335235, 55.353353
78.834605, 39.312627
14.845360, 30.849870
35.483417, 44.954421
66.338122, 88.923976
54.590210, 61.286900
49.002232, 50.067691
83.897988, 75.454595
17.723716, 60.670838
6.458760, 24.100871
28.197370, 10.862409
6.024040, 55.884642
41.827089, 53.199674
80.546896, 84.800980
41.348645, 92.344543
41.581567, 35.808219
80.162046, 96.039804
39.337424, 42.368102
92.980990, 57.496556
14.720472, 65.327774
58.299030, 0.219233
28.292116, 0.964627
30.385411, 89.882035
72.780883, 96.576496
38.431891, 49.976249
45.351659, 10.541843
99.835112, 0.331528
5.461765, 68.599928
15.504070, 62.179028
54.758449, 6.792413
13.013598, 67.245585
43.840206, 92.668924
51.743407, 6.185986
90.613828, 33.348404
73.504234, 48.290425
70.004908, 57.882584
51.462496, 97.637246
70.406641, 0.170349
14.489643, 88.467686
3.379722, 32.190539
88.038113, 60.114673
40.415984, 55.379090
53.541333, 78.645524
28.685148, 47.172280
55.803269, 75.902354
69.267855, 88.239903
35.309318, 20.337570
24.575142, 96.901359
12.273991, 61.900071
24.230272, 2.362493
93.213111, 26.755019
59.000204, 41.912833
10.483685, 41.961205
37.088469, 53.650490
41.101210, 13.944076
67.438110, 96.637652
18.443368, 93.710163
63.793822, 70.356329
58.520683, 39.998496
89.048821, 1.918066
57.080776, 21.638461
4.323182, 76.942480
14.798542, 16.248198
14.717991, 10.525504
34.707361, 73.705538
72.734368, 71.535944
39.030834, 46.658715
56.042974, 89.050219
83.150231, 21.859344
10.293429, 1.606973
7.823200, 73.639541
61.860365, 98.856315
17.396233, 77.169343
41.472867, 85.798179
47.262767, 75.223817
65.134521, 20.409713
36.800916, 55.658636
61.685879, 90.959847
27.835252, 9.202723
55.548754, 73.746116
6.679948, 33.207723
57.890363, 40.027453
49.151187, 82.417186
18.002667, 35.770840
40.194096, 90.507840
78.956833, 22.832167
97.401152, 48.216135
56.776185, 51.686008
75.227276, 28.988621
18.542460, 83.721121
6.221466, 79.301138
15.803798, 72.990772
39.925494, 65.546334
30.815548, 5.782696
8.005467, 52.624629
82.327342, 18.884103
66.789953, 50.728900
92.657642, 46.505654
21.507304, 56.610310
64.976377, 0.255553
76.329234, 62.343096
26.434355, 40.845556
50.181558, 1.920855
5.947097, 33.797498
12.654106, 38.557654
81.339066, 78.530310
81.586192, 95.787734
52.776027, 22.070167
54.988658, 10.610268
32.281376, 35.647433
4.034034, 10.480023
51.867316, 18.686636
32.035989, 50.980030
86.324607, 14.868063
71.879840, 72.327088
86.120291, 84.261047
2.005125, 34.582601
51.463209, 7.690853
84.080695, 32.247358
48.893164, 11.930692
35.171419, 77.601326
61.978367, 34.682185
78.686129, 43.515583
83.259203, 34.586014
41.128525, 40.434132
0.515809, 59.457982
73.689206, 56.927526
57.664421, 69.283619
34.472964, 9.447821
63.086239, 94.619432
16.787230, 95.931493
10.928980, 5.927483
88.209581, 84.594909
93.810295, 88.692760
0.556619, 47.244642
70.224567, 37.213614
34.782741, 55.559037
29.871463, 74.316377
13.659881, 31.104604
27.512312, 22.698329
15.511745, 73.130706
91.595202, 9.280884
37.267788, 44.755112
18.080974, 97.847671
76.702741, 82.061038
98.046580, 12.413724
82.909571, 94.496203
36.785450, 90.676492
7.438455, 22.087750
66.748218, 79.496536
46.109693, 95.772005
80.747243, 93.308045
43.628919, 59.873239
34.654813, 67.997495
77.326170, 40.060224
17.606181, 88.283703
30.286925, 7.278010
84.560824, 13.975367
39.337028, 83.160441
68.736513, 5.184304
96.543200, 76.602078
12.519202, 4.911542
31.226270, 5.424621
59.522192, 26.690292
77.325525, 93.122257
1.218771, 29.630269
9.871718, 32.517124
14.931978, 91.029811
8.448675, 67.716142
31.690330, 74.556048
89.915070, 39.620714
87.497971, 84.178747
51.470296, 17.829128
52.762345, 1.776880
43.229220, 64.379649
48.364088, 30.095510
55.337526, 32.534823
87.360589, 72.245764
35.539804, 99.975670
43.145077, 64.902343
10.416995, 84.605096
18.372567, 9.876095
57.574614, 99.684075
36.731148, 87.937273
91.926177, 37.955451
87.566511, 71.956968
31.924750, 42.782383
5.828569, 15.605797
71.822677, 22.880000
2.161750, 77.647801
71.628142, 26.351552
50.638765, 74.378835
44.051762, 88.848296
75.615962, 10.265190
86.694975, 41.655677
3.486008, 8.682376
68.182417, 17.569883
52.162074, 44.600866
23.062957, 83.686884
12.988470, 46.810498
71.104859, 11.565071
42.673805, 20.618867
25.346560, 74.404479
74.733261, 81.024931
74.886008, 66.063410
78.277509, 60.012593
89.476933, 63.161423
78.243867, 17.032712
63.502332, 35.047724
82.358860, 8.902185
49.703132, 70.078075
50.389386, 81.749477
74.191784, 79.949305
81.996461, 83.356727
8.798912, 51.870313
5.210348, 10.628418
74.968916, 27.322649
31.386374, 78.431598
1.985336, 33.217991
1.909905, 16.204452
72.229223, 2.000905
7.225962, 17.048346
28.810983, 89.623068
80.773529, 49.244648
91.063435, 48.308370
71.177137, 23.998776
66.899993, 72.118866
74.170929, 84.531304
91.121184, 92.929501
97.997064, 28.584639
1.685194, 25.754171
29.765348, 20.622207
78.616689, 80.830743
80.561815, 42.428477
36.593366, 56.273026
76.402596, 33.689415
72.837284, 74.854063
82.493062, 22.219776
15.946792, 94.597381
20.438427, 20.802986
89.970954, 28.152829
15.269399, 34.938423
48.387670, 35.308692
6.627809, 82.338535
50.129894, 66.035104
54.131959, 11.849114
54.806643, 87.804410
39.159621, 17.074116
92.502949, 90.344249
98.127893, 68.809399
71.146336, 44.331891
78.498557, 24.684093
20.647956, 78.196225
35.405691, 21.554096
94.808075, 88.030875
30.707989, 56.800922
2.296014, 56.038573
6.918476, 89.631820
44.395869, 88.785553
31.058379, 35.183564
92.392985, 16.802791
45.456484, 18.980900
31.244846, 15.479472
81.112227, 8.056093
12.373729, 74.462586
23.457205, 46.409261
3.887294, 50.193399
43.785594, 48.493856
83.351633, 48.578444
64.032888, 46.867942
87.469699, 62.512179
43.181193, 51.414146
4.632668, 54.178854
48.604706, 47.376919
61.038957, 43.026962
6.993818, 2.734994
38.833490, 20.979373
92.743253, 99.051523
72.546017, 65.079567
95.044658, 83.396245
83.139582, 91.710100
58.456652, 49.633565
46.229694, 40.925862
35.976001, 12.452534
40.588967, 27.398031
30.023547, 27.025898
28.591097, 6.366004
5.637005, 21.929916
3.051818, 59.654170
39.668092, 48.420849
24.911784, 47.457111
67.584729, 23.515822
56.126384, 51.724090
61.860690, 6.712884
97.318534, 4.768300
63.526570, 48.036703
74.176591, 69.629596
86.176211, 71.826039
36.299829, 62.411237
27.792600, 39.137229
16.932622, 73.360434
5.625770, 13.957968
28.756790, 86.276719
95.698855, 61.076949
61.445715, 35.870658
48.762422, 6.900179
61.483225, 33.722983
46.376040, 46.974109
40.402185, 95.530219
67.006259, 43.496938
54.599711, 92.171114
99.922077, 67.127206
82.838444, 42.066324
0.010432, 22.566902
80.005694, 9.992881
48.698918, 8.572128
10.950124, 11.212185
71.269006, 87.964365
1.613228, 70.532954
50.914746, 4.110221
26.343646, 84.353657
98.737112, 82.312281
47.552198, 83.100622
42.136906, 43.790110
22.197765, 89.637996
47.596324, 69.539785
68.949074, 91.083690
64.134915, 24.991347
28.230106, 50.317932
12.528585, 78.162256
33.199050, 80.156222
28.047291, 53.067550
75.411854, 12.963241
21.633792, 46.947899
17.717166, 78.459171
85.056180, 58.071976
46.383542, 55.112220
71.918018, 95.202959
29.349603, 37.064535
96.641213, 20.281659
43.902724, 72.852171
41.087904, 38.730482
36.798083, 61.144273
94.977123, 74.813347
39.606524, 50.529144
27.651163, 63.773012
7.730015, 85.512145
32.289695, 84.963928
77.917443, 67.522861
28.333009, 88.501393
53.299818, 37.610503
28.533031, 96.378314
31.944303, 54.956257
73.679360, 40.028022
35.535718, 3.564671
11.729097, 45.334281
20.257171, 5.938044
79.794340, 22.852515
79.973322, 78.054164
47.225938, 28.923221
70.128031, 96.193130
53.802521, 81.449495
47.593948, 97.977255
73.260619, 26.809141
35.742005, 31.255315
12.756295, 22.832609
36.078065, 75.013882
2.826200, 76.581481
16.725868, 47.474122
91.559163, 49.596013
97.276685, 20.658279
57.419661, 78.258889
37.737983, 92.828373
38.048015, 98.623229
97.195598, 26.075945
92.991349, 26.826062
28.825770, 67.618414
33.614746, 72.648358
0.516821, 37.584129
41.708354, 57.864342
91.925533, 15.972886
35.555543, 81.596823
36.779190, 65.944122
90.578701, 76.185633
93.481615, 94.555663
47.807446, 8.232620
86.562485, 51.859030
20.468290, 55.482508
73.544364, 20.368806
15.315462, 74.060489
83.191569, 1.345168
70.446983, 25.294498
30.199387, 16.409712
39.703255, 24.007855
67.596079, 64.792857
42.594528, 35.638411
38.936174, 40.440628
59.230515, 62.269208
90.210030, 38.439257
72.692701, 71.164528
0.463692, 91.778197
29.124361, 92.738160
22.101925, 43.467710
53.473862, 34.230576
92.292096, 56.825300
52.099610, 33.186812
53.847491, 49.258300
44.267540, 44.589699
66.097935, 73.980756
18.607299, 52.072966
32.823598, 39.882547
4.207768, 27.026637
80.684676, 27.659893
94.879042, 94.347323
37.079151, 46.983260
37.737695, 4.353221
5.180183, 29.505331
61.327007, 58.187516
12.021249, 2.807120
86.587624, 83.730942
30.973457, 91.907519
83.932864, 35.741431
25.108853, 29.547331
54.749811, 13.568907
4.042769, 31.581405
39.531136, 99.148731
77.630476, 94.629826
50.080175, 39.030378
61.562138, 81.324950
72.470824, 58.201556
9.008623, 30.896049
74.027506, 52.549979
71.894865, 55.052402
20.983414, 68.617438
5.272905, 80.148951
53.919563, 80.579377
20.174954, 24.310772
29.642249, 71.622535
17.746158, 0.404916
25.333912, 28.654567
68.424827, 6.917597
97.036765, 25.851249
19.699951, 3.021237
7.831164, 5.891886
89.705602, 29.998266
99.407923, 7.052044
76.361011, 26.902225
61.978471, 10.098357
83.842578, 84.451750
38.212237, 81.454190
16.739421, 38.535380
24.410821, 5.260750
9.501592, 96.176386
95.609617, 17.513121
54.587642, 61.365962
45.982231, 10.574862
81.867090, 29.167397
65.643630, 43.746914
76.824576, 40.592741
22.187825, 57.135371
17.076243, 60.159231
11.725216, 18.437594
87.161435, 43.623178
62.557621, 57.170051
41.236629, 50.516938
47.750058, 0.947347
8.833134, 92.922684
50.448262, 81.462051
95.581704, 96.481343
42.581131, 27.362920
25.212657, 91.789259
17.399814, 54.743855
4.259284, 36.417063
74.663248, 18.354015
90.285807, 57.879265
66.246450, 15.154574
37.212868, 65.357495
26.774939, 79.244875
79.677347, 46.979669
37.984876, 10.186598
35.510106, 3.235781
15.608297, 47.511766
48.191877, 66.030241
64.905618, 6.633297
45.943100, 49.520859
78.049363, 99.644297
66.596041, 76.196595
33.941725, 14.414091
18.762141, 44.917694
35.020127, 83.325848
30.492059, 76.315330
3.866142, 82.702831
70.110318, 65.160676
22.350726, 39.767744
58.219339, 70.995869
74.375506, 15.242199
46.090449, 59.626124
65.214360, 28.884487
4.550011, 6.168685
27.315992, 89.695599
28.488233, 61.665132
68.976601, 73.814940
2.251105, 45.653963
6.215762, 94.452392
98.135820, 8.874776
53.213734, 98.263242
14.323458, 98.416413
32.437211, 37.998501
89.460825, 62.361000
84.868919, 43.272168
27.794994, 81.105836
93.728291, 81.892493
56.184605, 85.998197
50.469305, 77.350276
98.937129, 87.052639
21.802324, 57.397907
78.171342, 68.606588
70.773120, 41.890387
17.072278, 76.144780
27.552795, 11.726242
4.485378, 97.919775
12.663675, 29.552637
91.698982, 43.657132
64.027105, 16.899676
2.810388, 78.140494
26.350051, 81.385516
39.171690, 18.092591
43.063891, 8.029335
61.836804, 88.654215
24.185653, 23.018171
39.540022, 41.048546
61.499269, 1.957515
81.597210, 37.983013
42.457475, 48.893298
40.952630, 99.369597
26.507550, 19.800745
81.231108, 20.806598
75.754609, 20.360188
1.377947, 51.038937
5.021628, 71.299343
43.220837, 77.783281
40.254858, 56.184161
8.377267, 93.032301
22.941163, 56.259324
84.954724, 36.496704
49.626383, 24.910433
11.055114, 36.965039
90.637582, 23.455922
28.744894, 58.965460
31.851592, 5.865419
88.767206, 72.603023
35.186332, 7.533327
73.480959, 35.149726
86.512194, 37.282679
20.694961, 80.815802
62.909538, 58.014154
10.104147, 27.069900
5.496674, 32.481457
6.992992, 2.096469
23.938055, 75.885436
20.367321, 13.932096
63.511837, 86.641044
87.224245, 93.115673
40.787665, 78.009430
40.589731, 85.719371
72.569558, 78.022901
66.584433, 49.402203
83.564055, 11.316367
53.752326, 49.855306
53.056230, 33.120915
69.000666, 63.752224
19.113345, 13.308371
9.929127, 14.750444
50.677425, 23.232143
4.516947, 33.621359
61.355998, 75.224008
55.064286, 79.600725
97.644510, 74.155610
45.450322, 97.608629
4.417706, 53.975084
12.753997, 54.362094
71.321786, 38.865745
86.862406, 27.708649
84.200681, 53.048170
78.655842, 32.187676
55.796511, 45.291911
51.786638, 38.280736
91.550539, 61.250692
69.660636, 41.267737
86.351537, 95.317159
44.749263, 2.862743
55.743825, 64.363628
31.758657, 44.808708
82.213489, 80.010624
54.326573, 59.108601
11.443531, 31.767680
26.504279, 18.297392
29.308850, 25.716072
7.642200, 36.504146
20.892653, 42.654536
19.035222, 99.176533
28.485031, 1.296859
47.501839, 74.248441
45.022230, 77.731114
16.658884, 35.366438
15.122272, 70.757071
99.598327, 64.501197
38.611876, 85.862237
49.461985, 73.150513
89.838379, 26.216128
93.838471, 13.377127
50.962396, 24.400075
4.516923, 47.779667
46.703054, 26.887184
68.338555, 49.997192
35.040154, 14.473880
7.664963, 36.412000
97.652516, 88.108347
26.410846, 97.717512
13.205482, 77.142501
27.912136, 59.373026
15.179397, 78.997515
0.303750, 87.329901
9.331237, 20.120841
10.285289, 77.259012
14.831156, 64.907604
96.281648, 92.562609
48.659557, 53.957571
98.418816, 59.338022
28.087490, 43.010991
75.491094, 37.253115
78.248319, 41.253019
89.570584, 13.570309
22.905601, 22.817158
69.266176, 61.880574
36.961529, 35.939571
78.647695, 83.824133
10.965606, 56.907981
30.217940, 18.954244
48.711645, 21.253821
19.441862, 96.280082
32.641287, 77.142480
24.041462, 60.319779
1.599715, 1.167739
12.024296, 28.523484
92.110379, 67.113516
35.860459, 77.158076
43.570652, 85.058845
56.118020, 73.424560
41.791186, 63.094676
2.349052, 78.327452
25.001457, 25.677220
7.016448, 82.324027
17.154868, 43.568890
47.408735, 98.689832
16.474938, 99.733213
95.297373, 13.247218
88.034445, 21.303542
6.729362, 29.102142
18.774634, 57.175631
31.318078, 68.217840
38.443771, 28.695185
67.852063, 52.756796
48.415645, 72.042450
10.879483, 41.078602
54.461411, 96.653887
46.740696, 95.380870
17.338682, 81.245698
47.188102, 11.364415
56.932904, 98.221479
12.800039, 48.258829
34.649752, 44.313248
59.711889, 47.417892
19.483325, 16.230992
40.775807, 6.592543
84.258190, 58.388352
73.651566, 30.661591
47.946653, 76.139165
35.242678, 11.929396
52.729126, 24.959935
2.525517, 97.472843
24.534016, 6.491373
83.128639, 91.314358
31.889339, 48.744604
19.141160, 51.492996
30.209209, 44.591349
22.204256, 39.959957
39.276668, 90.344008
77.262464, 71.443502
52.505757, 8.708557
70.768270, 54.590152
98.081535, 23.712314
50.936817, 62.416402
44.900353, 62.810480
77.395196, 87.806019
50.283763, 28.176298
14.249610, 17.200691
93.396754, 88.525451
18.051684, 43.067474
67.584445, 1.771940
75.295991, 11.092207
20.767854, 48.645712
84.675597, 26.439194
97.205422, 13.596302
5.009770, 80.626216
26.544600, 87.692644
75.897680, 55.856370
6.893660, 29.736492
71.645688, 85.800203
70.636460, 23.032186
96.771104, 81.403363
59.508064, 6.335516
0.681605, 38.522113
20.784601, 24.410754
50.169605, 57.057558
21.990397, 31.394799
99.829832, 29.087845
16.222241, 43.668487
37.701814, 72.507297
52.135486, 16.075270
63.298481, 83.612125
45.738566, 52.219483
19.777684, 61.583088
70.780427, 10.555538
70.784631, 89.020926
20.144453, 94.630525
43.024936, 76.649963
31.529828, 14.178105
54.142718, 6.410552
16.934416, 36.378916
61.305123, 72.213515
50.072177, 71.668018
63.441153, 95.752294
5.715354, 14.491476
75.520640, 51.802767
64.297433, 14.599640
21.917665, 38.847862
95.489223, 51.125092
79.849669, 49.193277
94.751306, 87.327900
32.432857, 80.534734
65.073113, 57.374778
19.693294, 66.519906
35.670680, 75.905647
18.203942, 98.315358
44.618643, 25.202915
78.183783, 54.365058
46.324315, 71.740197
50.937272, 59.715845
59.743955, 43.517272
95.450504, 19.693805
62.860717, 87.121136
28.312926, 53.532484
48.485628, 52.673200
96.875356, 83.695058
40.464668, 42.412272
19.764909, 50.586572
70.308433, 49.380656
39.874650, 85.026158
77.673486, 64.986693
11.666450, 75.401184
77.811060, 35.429350
17.397753, 97.231374
90.238656, 71.298459
31.365211, 76.790948
61.891094, 7.018658
96.365689, 37.647172
3.711411, 30.301093
51.121217, 71.913763
30.195921, 90.622217
95.751511, 90.150985
73.333757, 0.738743
81.443328, 23.933637
16.871619, 76.766805
74.647962, 18.024322
80.077259, 91.954286
87.292923, 94.321223
20.259706, 64.863023
60.877028, 76.258468
63.500512, 35.356771
48.355310, 71.255162
32.041794, 39.480204
80.676489, 62.618819
17.076328, 59.549043
67.968775, 43.369316
70.966432, 63.160689
90.740725, 6.388897
54.979298, 95.799731
0.435706, 57.792161
65.166908, 56.106678
3.582496, 38.663752
45.383553, 77.836087
10.956109, 54.430393
32.575594, 55.853242
72.632066, 72.605901
34.932320, 49.523270
35.727744, 73.333390
47.738475, 88.227313
90.978873, 61.654426
63.509068, 8.625323
14.401526, 40.814173
79.339708, 73.716718
84.501468, 25.342856
6.250579, 76.401336
0.937167, 50.727939
59.062861, 23.918442
49.554816, 78.155834
51.160368, 87.366957
75.313547, 11.066752
15.072459, 76.838802
97.316985, 81.253116
58.720290, 12.653779
21.606610, 91.289632
52.579747, 24.887102
23.375499, 23.084366
35.204242, 12.861658
32.684192, 70.130298
94.529596, 36.001194
52.792734, 45.310688
82.393570, 17.683741
53.600215, 1.242733
28.844064, 68.762686
24.661300, 87.858577
64.763635, 87.737992
70.139170, 69.113206
18.609363, 52.296501
55.334551, 56.954662
2.053085, 59.599130
49.444599, 62.290391
42.325440, 52.861601
79.489872, 23.880130
92.691928, 29.917777
20.359323, 64.379283
70.791809, 32.315586
86.577796, 48.221663
85.848747, 31.712604
5.097410, 24.926611
57.265468, 43.814703
4.459630, 90.748533
25.244775, 90.128281
35.296606, 13.628317
35.270418, 88.649454
66.038799, 13.442967
36.391704, 25.741527
94.661235, 42.342433
3.268240, 27.823420
33.875137, 57.901388
36.755536, 0.614097
97.558366, 26.074150
53.242020, 81.468710
77.618166, 24.136142
85.324332, 19.154734
36.825586, 87.944242
19.619296, 17.317569
13.917101, 11.214488
32.041578, 38.347344
3.128554, 19.916365
61.264440, 43.642781
97.671843, 1.619498
58.911624, 76.601133
17.012397, 3.195221
89.946004, 69.611459
21.070134, 14.852712
22.429086, 97.453683
75.557809, 77.059187
78.229316, 99.287305
89.889949, 85.416633
1.789516, 23.693689
92.426829, 67.496499
95.712220, 16.952559
76.781144, 91.501758
58.770969, 3.753563
2.113207, 54.184023
82.461821, 38.729430
96.769531, 66.049790
71.293377, 4.773186
40.678400, 75.712008
25.214428, 9.218964
96.147756, 56.367161
42.795476, 0.679462
92.738440, 51.788773
13.238170, 91.057991
8.287255, 17.715728
69.052174, 31.332180
66.652276, 55.126924
60.547729, 67.497838
53.483007, 97.929856
5.104684, 63.400256
33.280442, 58.731755
94.777311, 16.608345
60.142808, 19.460597
5.269289, 35.858452
23.263087, 62.117238
63.536251, 80.635565
87.494842, 35.918944
81.682070, 49.125589
65.013407, 94.001232
50.724990, 97.529938
0.601463, 51.692465
47.431350, 47.438607
81.251063, 21.838883
97.844014, 68.962883
5.329696, 78.565400
77.356515, 5.764902
80.062366, 18.017302
49.507348, 61.639956
22.833124, 1.778799
17.018224, 45.706047
40.063675, 63.423014
36.383950, 87.508756
47.389518, 63.753981
8.264942, 61.711126
75.091938, 69.671999
7.365845, 75.886811
4.947175, 67.091596
42.224718, 17.695889
53.092485, 39.010415
40.752813, 63.419170
37.952868, 6.843918
15.293171, 56.777699
18.884177, 38.639898
77.148178, 63.618545
97.814912, 76.745985
73.657811, 40.620557
35.617834, 9.422800
34.667926, 21.342268
1.009995, 5.197735
32.608403, 32.970936
96.603161, 64.579672
0.235653, 37.200189
11.926923, 24.304218
42.780569, 18.062368
5.036100, 94.769764
22.380138, 9.987016
30.792373, 82.829361
46.868788, 37.886394
84.146022, 96.989544
53.216206, 48.249227
27.624978, 20.664941
37.009841, 25.117895
25.301136, 61.266159
72.955038, 95.753996
90.148067, 19.402760
37.707412, 76.747544
95.727469, 75.254494
37.642921, 91.979221
56.306191, 54.496179
60.569594, 96.515941
57.769838, 62.034034
78.368879, 51.642116
7.776642, 63.921019
92.495163, 79.091047
78.815278, 17.216150
98.162271, 49.612479
2.442860, 43.515077
32.894429, 94.126095
9.894528, 63.828840
90.780211, 80.322449
57.363854, 64.098315
82.549554, 55.567896
82.377184, 4.117354
3.647351, 56.893201
71.770433, 40.726767
55.603333, 20.441776
85.708045, 0.343252
66.568456, 88.722643
64.742878, 83.271522
7.323791, 3.242042
51.098648, 8.473635
3.426132, 82.117713
46.757849, 60.424525
67.326973, 0.821671
63.997973, 82.185723
1.258850, 77.546591
71.991109, 95.734631
80.845250, 32.939871
12.213233, 88.318492
23.166391, 41.865662
91.810194, 86.997258
79.123532, 39.899787
89.586386, 51.450105
23.903525, 71.572041
73.519079, 78.564432
79.772115, 73.336747
21.721665, 43.631743
0.434801, 94.723108
97.442814, 50.778835
74.109058, 34.549063
40.335629, 95.552098
61.467986, 37.987633
27.908181, 21.948463
84.200569, 45.773859
13.162706, 12.381099
41.568910, 50.672238
9.901219, 25.305922
77.774986, 49.985706
8.448370, 4.916547
42.709783, 81.226484
12.034024, 84.057324
35.872146, 90.741346
75.145445, 22.048813
2.400361, 98.222646
73.900062, 87.581163
64.019484, 33.310597
37.926373, 1.405299
69.985764, 80.276685
99.260045, 47.649424
65.784368, 97.662347
52.037487, 86.755649
27.748093, 59.157082
14.451110, 26.830338
36.239253, 92.806225
2.678012, 15.049928
24.123531, 83.597574
42.272355, 28.621696
51.855206, 9.383482
6.425081, 17.410158
14.864107, 47.992394
95.073598, 35.329240
45.355902, 19.135292
2.121376, 47.223832
41.414540, 44.308904
46.030278, 47.277596
53.758872, 27.003133
31.934136, 60.171860
75.826147, 90.410035
14.639311, 2.155603
90.237549, 93.969123
67.203424, 80.091874
73.864734, 88.406348
38.431291, 96.752245
25.350366, 83.626418
81.353549, 21.236089
26.010555, 71.910757
86.277315, 49.406979
94.655074, 85.537658
33.321994, 37.074596
86.704836, 78.345624
22.447345, 29.329889
63.612818, 77.778179
73.297243, 34.952130
97.151799, 89.025818
68.695622, 81.921416
99.381239, 44.835798
64.000688, 13.895579
93.479808, 89.246003
95.690193, 67.617851
48.586020, 56.063236
71.705276, 45.803579
13.078953, 55.073006
94.493211, 62.133552
61.788473, 91.078781
97.983670, 18.227111
83.353029, 78.626190
16.262946, 73.252287
19.632780, 43.230613
49.278937, 42.394190
47.808481, 7.723057
58.513119, 69.825009
39.000486, 19.493682
5.336571, 28.822285
16.483762, 85.451929
77.651846, 76.266969
55.930853, 84.897098
82.137727, 63.477335
69.211862, 18.189634
61.898285, 79.679292
2.497505, 3.389711
67.693305, 33.904932
55.952290, 47.901468
81.504788, 78.521672
39.323194, 82.608596
11.285981, 75.719021
27.033468, 1.948023
60.786238, 86.622243
29.500571, 44.462788
24.380293, 86.258871
58.476503, 79.329765
35.660453, 39.137919
33.064885, 53.375648
46.873073, 56.276382
73.815597, 10.525609
72.492039, 29.276034
36.642978, 92.733233
57.864779, 75.329358
18.653270, 31.141040
81.676842, 66.224543
92.936671, 48.892551
83.958005, 2.679219
46.204404, 23.847260
33.486772, 35.637987
52.967286, 42.270036
7.499408, 40.875097
3.331425, 90.831038
52.021645, 70.244691
84.430968, 3.913997
48.650572, 28.723115
39.256250, 24.552428
20.378368, 48.651003
87.940580, 10.918833
13.257529, 83.492566
50.605615, 64.231520
23.023629, 53.615698
16.654456, 31.536053
2.102805, 6.595443
16.638132, 63.884696
86.197655, 52.623585
53.656965, 31.858691
8.054031, 80.362589
27.037908, 48.930143
16.875034, 68.669847
6.414105, 44.780891
5.131995, 88.637685
89.607289, 93.320815
15.001031, 82.054458
48.334606, 30.718638
77.858263, 85.444733
38.073301, 94.191141
63.573560, 61.120624
46.430068, 66.060642
73.619864, 33.617734
58.340727, 48.826389
40.057458, 98.617897
14.562443, 72.290437
57.952505, 37.211578
14.195334, 76.576227
68.888576, 76.303735
99.028201, 28.151580
58.421102, 21.304386
30.912265, 88.084596
95.505360, 67.311338
88.417698, 68.904848
34.007808, 17.048860
2.557171, 58.531823
63.532349, 36.015516
83.298142, 51.488287
5.906841, 4.894163
87.612373, 34.712783
11.971626, 61.292778
43.935810, 26.661841
29.176025, 52.437327
41.789192, 62.782281
14.213432, 99.126104
36.297818, 56.716159
82.660981, 21.365113
37.543231, 55.939822
89.509335, 40.976653
95.120605, 64.896959
18.703279, 36.670072
92.441817, 48.267545
41.823629, 40.059707
24.616979, 25.196322
83.881768, 10.760521
90.707360, 71.542382
35.032312, 36.170095
75.929824, 41.233306
42.700340, 75.282387
34.153371, 69.527034
98.642993, 26.845605
96.271530, 68.148265
32.569258, 7.904431
64.303632, 55.037180
81.679195, 40.074133
54.067594, 41.040269
69.986034, 56.954994
76.623899, 22.904666
95.052766, 44.100015
18.760318, 80.679905
53.096808, 44.204452
92.266486, 82.492901
56.329392, 88.615705
42.806611, 8.150211
73.169003, 13.244358
43.120359, 23.860702
91.536570, 82.498109
61.109557, 52.610122
62.321395, 75.731459
71.386527, 63.461420
96.395333, 46.102809
25.469945, 76.691108
94.818065, 90.330222
54.907298, 59.926116
95.978900, 3.081568
6.572351, 94.741102
34.531188, 65.140812
94.648731, 95.578973
45.481179, 91.205079
82.264489, 14.045363
21.522240, 78.733390
69.900368, 66.354945
99.558227, 87.515614
41.978795, 2.698126
88.749828, 16.918596
77.992965, 96.718377
12.052432, 33.882070
91.148792, 5.816385
35.191956, 45.056054
18.435859, 36.570080
59.465143, 38.650615
21.024614, 99.661277
95.484766, 57.773110
20.037730, 73.910903
64.086702, 28.692330
88.852959, 90.909881
81.845220, 96.699455
50.898638, 51.798331
41.427006, 41.966325
5.853453, 25.037517
78.456697, 70.192228
38.194344, 50.483828
64.087430, 36.119861
80.137726, 83.011125
86.567812, 98.245971
43.723936, 60.176405
14.241697, 18.188482
51.225718, 58.985986
43.681848, 94.650372
42.648620, 94.316511
29.824876, 48.253099
0.369084, 87.092463
60.097941, 63.841731
44.952905, 9.987644
3.957601, 8.189230
1.414508, 16.795659
22.602853, 89.269959
52.367595, 66.470619
37.084912, 82.566145
40.650282, 64.118200
95.736455, 46.038682
70.804084, 2.849891
22.493694, 37.301008
77.198024, 63.108363
85.508512, 42.940990
62.327218, 77.520260
47.985697, 11.757000
45.401494, 85.541583
87.802811, 60.040904
67.404861, 7.859563
6.425720, 30.380317
32.245470, 72.881298
81.892429, 7.030370
54.687040, 52.752493
82.556061, 36.991629
44.049401, 80.926026
4.565193, 77.167509
93.966951, 56.658535
35.074607, 56.928058
96.593447, 6.199000
89.490956, 46.927009
63.670555, 8.205086
49.545849, 2.009871
34.565846, 30.389311
84.373487, 25.739098
76.845519, 82.940586
47.355720, 8.092652
37.916987, 15.169657
40.129659, 72.751895
79.634362, 42.726066
60.321090, 84.393735
60.521013, 46.058470
9.584146, 98.720983
12.137604, 80.673956
59.911656, 13.136928
83.657293, 29.099057
88.798984, 58.415504
18.930666, 42.064783
41.890418, 95.822929
6.534394, 79.054511
99.814491, 60.750575
46.813430, 67.952794
20.089681, 76.866685
19.512543, 17.582530
94.333868, 11.489318
51.768986, 86.398284
29.288642, 37.530805
15.186254, 68.988248
80.768521, 60.051321
3.865385, 12.822500
43.436902, 80.894922
99.768870, 50.341466
17.557390, 57.478327
89.257185, 12.369528
6.565330, 99.867778
64.818330, 14.697429
58.675667, 84.466210
44.122924, 97.726452
63.612829, 41.847186
2.546813, 51.026735
62.991943, 91.954149
26.539884, 20.481313
71.037614, 11.767891
11.257334, 71.315204
97.015098, 84.908862
94.387092, 2.490806
44.433278, 8.464398
63.774648, 67.075097
29.073113, 49.758752
68.128801, 9.905254
7.833530, 69.702499
60.739036, 77.238032
30.521482, 94.807691
27.751468, 11.351760
58.471555, 6.061882
45.438430, 34.933234
31.858510, 9.397543
66.092139, 3.617620
53.144649, 45.269640
26.038511, 35.248681
20.440279, 50.768328
48.654795, 28.899557
15.074945, 49.835996
16.233830, 51.815566
62.479091, 91.907209
79.773495, 37.558062
25.091192, 32.996525
26.276832, 75.867089
27.786135, 10.877123
71.588092, 79.366824
83.228776, 59.917811
69.337834, 13.230576
91.457677, 18.093435
76.261074, 36.302156
95.400313, 59.041747
19.250745, 24.812621
54.199440, 53.806240
5.855171, 74.730652
96.121279, 2.285521
86.249588, 77.578591
93.382702, 11.290292
38.806005, 14.695163
95.432748, 49.459006
40.545815, 92.222961
91.189025, 0.056370
57.012522, 60.221614
32.320513, 51.252568
7.332576, 6.672503
21.184417, 51.050777
17.585958, 11.679635
80.495482, 69.313356
25.548424, 0.943606
89.920431, 51.147514
6.813920, 24.392657
24.796439, 29.287159
99.746766, 73.626232
47.952671, 36.173413
34.627960, 64.926523
27.985547, 62.963564
4.558117, 55.711245
96.911833, 24.906353
41.880939, 13.760060
35.098584, 6.308845
60.743839, 16.501141
43.224759, 4.314415
49.561309, 55.677814
60.211327, 32.890831
7.071850, 41.696344
15.745099, 25.439230
12.143056, 46.345736
66.798606, 19.030539
56.191342, 73.380893
67.082859, 95.640518
38.835014, 24.849907
7.497702, 18.715911
66.234046, 49.571881
2.226165, 19.535479
68.127981, 41.588198
36.433598, 75.069065
38.878615, 48.593318
9.411754, 54.520149
8.437045, 32.011203
74.316815, 72.428326
28.647078, 13.409657
41.460903, 56.762230
55.954566, 37.884343
40.062608, 67.852339
59.438305, 50.751978
9.931270, 46.766989
48.215321, 82.263157
58.646122, 15.938256
90.793561, 97.380682
57.535100, 95.451615
94.258579, 69.067402
68.565456, 70.365834
96.262010, 28.204582
28.891262, 54.695815
54.995658, 13.608887
48.301345, 4.088520
15.249702, 88.124637
2.428943, 94.496920
63.717694, 96.191317
51.507010, 79.983974
81.826688, 70.302248
91.396479, 69.288848
95.396524, 29.705013
72.488650, 2.966303
25.111902, 69.691859
30.582200, 83.333549
82.874488, 19.465111
12.212785, 95.136161
76.479835, 99.616836
2.613979, 94.906307
71.824799, 21.906577
14.539505, 75.823409
53.776642, 4.840463
18.544440, 43.586869
69.747366, 49.935279
66.516410, 42.115821
8.546623, 15.483012
21.737012, 95.260437
81.975487, 35.680095
21.114395, 59.043222
11.166299, 47.484605
18.417272, 79.240898
58.653762, 62.141151
52.968336, 62.316704
84.580389, 19.782692
56.786525, 88.184776
72.455482, 29.431705
44.905185, 76.385608
15.635126, 6.630873
92.382178, 58.120484
43.657515, 11.114849
52.652146, 1.654561
83.327499, 32.809631
37.405775, 67.554023
90.368987, 16.077284
4.404400, 80.101985
68.898022, 17.061388
21.184542, 27.420317
93.212672, 36.238107
42.505925, 37.640102
47.876085, 7.243878
59.678391, 67.770324
20.171652, 24.309922
96.859513, 1.322056
65.197438, 53.914882
45.270279, 25.471690
61.778545, 20.281424
37.946021, 27.143700
87.776935, 75.873778
40.863117, 95.142578
39.894981, 74.639155
1.715382, 53.087422
68.297948, 21.110749
32.010213, 39.217720
22.356127, 86.058986
17.897315, 15.216135
97.950466, 52.144122
62.326710, 48.789282
68.029919, 18.036781
64.582964, 21.788906
39.046613, 62.717279
80.273666, 79.557028
35.374547, 64.031897
11.277298, 27.336148
62.793679, 79.622706
7.350253, 53.425643
61.166019, 30.749844
63.847573, 66.201362
4.878612, 79.593162
18.144159, 44.434438
88.118927, 58.333245
77.392773, 79.652148
50.952239, 74.149702
7.101919, 58.563875
48.586997, 31.826627
17.943046, 47.365879
2.609407, 35.821438
23.165308, 6.862851
66.750703, 40.251554
3.245130, 55.338072
84.932528, 36.144121
33.676997, 32.942076
2.549400, 66.350041
32.864372, 12.477151
80.817855, 59.233240
33.733350, 72.677124
57.085336, 21.831916
35.472114, 61.562265
30.696387, 40.697067
79.791558, 38.409207
29.657605, 86.410105
12.063950, 85.627899
75.031999, 20.576451
32.874962, 49.230403
41.496483, 55.159681
37.509463, 35.043145
60.309215, 9.099643
58.210258, 32.774273
51.942932, 62.430231
87.616324, 64.239381
45.543810, 63.952080
0.099875, 53.663852
57.950453, 15.743860
16.808957, 51.613373
79.532609, 92.781190
77.319422, 13.524629
91.123497, 63.261706
84.181878, 40.526101
14.415430, 95.606716
66.650293, 5.960841
30.564037, 92.653537
58.184445, 29.098792
8.833105, 58.450207
89.899330, 96.861103
96.108408, 52.454215
74.445353, 88.833026
30.723700, 25.106150
6.320368, 17.839537
27.660549, 87.915668
6.368811, 16.706216
4.384982, 47.548581
21.097747, 83.588615
64.422976, 5.654743
25.619516, 6.948211
20.835989, 92.108794
58.019355, 76.151236
34.976698, 59.163727
11.964417, 19.779776
76.376053, 19.911206
88.215614, 54.689770
78.807241, 21.615374
14.492412, 36.199264
80.416692, 45.755839
36.640855, 72.412795
53.114517, 40.297576
98.698910, 29.581805
9.600714, 36.408225
67.674945, 49.001251
53.829931, 60.849078
19.527727, 66.840841
88.498699, 29.157090
89.207194, 97.001697
88.564030, 34.758030
76.336494, 35.848063
59.680302, 8.542566
45.626646, 26.204782
12.044692, 76.747851
17.177919, 7.185969
8.803704, 80.167380
14.655606, 74.482053
20.885691, 66.058253
97.766450, 17.185555
81.142934, 25.790585
79.377073, 27.016811
68.149230, 1.585853
27.257968, 31.329170
45.478736, 51.282588
42.897326, 26.106951
57.023636, 94.505541
6.930905, 55.293266
55.971528, 98.658596
36.725821, 16.086827
91.231935, 47.165186
63.364453, 40.928023
39.470426, 45.611706
66.935378, 23.830895
43.536481, 94.562193
88.435404, 86.720577
18.077921, 39.339578
74.507730, 59.346045
62.416737, 61.270400
53.871502, 62.988061
51.839240, 91.088288
62.747934, 77.382995
18.200946, 19.532845
25.724602, 33.665573
96.941145, 90.919563
53.087624, 79.970093
90.118680, 95.201353
45.492468, 85.383229
36.097500, 52.723688
67.253285, 53.882599
53.565480, 79.224302
39.107629, 16.669110
52.466764, 8.918026
98.003161, 91.302182
53.823640, 1.986783
34.961203, 13.229714
27.782276, 65.902372
4.847620, 82.753891
87.473650, 66.053874
6.587942, 22.500176
59.827592, 47.145534
89.494703, 83.395992
36.198936, 29.591620
6.249508, 51.066413
25.912974, 42.420145
57.638758, 19.134874
21.522383, 7.925929
19.036131, 99.770806
34.993717, 45.820039
17.133557, 93.327542
85.126666, 77.677614
0.938113, 89.080146
50.564109, 12.883455
20.276686, 61.611025
14.499130, 70.251929
68.771607, 9.744578
26.436838, 14.201648
46.899343, 25.273317
42.596342, 93.527126
65.713652, 90.698140
37.212967, 9.173083
74.030765, 44.745899
80.863511, 67.579632
92.245740, 99.096944
23.418724, 92.141136
68.329196, 51.655756
34.260693, 24.758273
35.188389, 8.773344
32.615227, 98.433045
20.570972, 70.873636
83.841738, 79.631831
9.769183, 74.427644
84.699263, 70.692813
2.348338, 9.131647
21.583090, 9.616824
25.359692, 10.398116
10.475512, 27.085947
33.810551, 56.192717
30.209993, 11.098404
75.020730, 55.964622
85.518391, 6.501174
2.601715, 67.814642
29.118251, 63.046767
31.590585, 20.280798
72.993480, 64.159812
62.251093, 44.245849
73.537862, 78.688752
90.120860, 77.122780
16.578449, 62.656485
94.625107, 71.838894
32.707481, 67.326870
6.010284, 97.424316
22.978985, 88.503725
38.553636, 74.733343
53.076135, 32.477182
56.681220, 18.831970
6.886681, 89.844950
17.673807, 88.421136
53.231395, 88.712374
67.437380, 86.212102
50.885117, 28.881888
8.417220, 42.749973
95.826219, 36.980089
98.580056, 9.068981
79.338477, 50.227994
24.725051, 73.516613
48.688771, 10.819402
77.832618, 15.196296
69.574261, 86.735248
53.742286, 82.290033
3.729496, 28.527973
21.431358, 25.836904
4.455479, 11.988995
79.764842, 85.391915
51.787043, 52.307799
54.856430, 60.777006
36.841417, 33.669834
76.081412, 97.574296
12.775883, 30.903459
14.731221, 38.214344
69.473843, 26.125897
6.055222, 92.212057
85.051203, 18.263087
3.620386, 60.029865
0.327552, 37.709959
97.089087, 83.211739
98.314563, 42.237401
36.993262, 57.381990
84.082645, 17.797728
11.368485, 84.697906
11.403615, 11.458569
26.600802, 93.808304
12.460422, 66.162643
41.094611, 74.792233
28.903574, 24.539351
36.632664, 22.968153
17.839552, 75.659739
50.587796, 43.666782
89.728811, 8.381110
21.678431, 74.328890
16.063438, 99.154942
98.329868, 37.376441
58.215513, 26.468555
79.743908, 75.817360
70.462459, 53.388637
5.737363, 55.940319
48.751389, 68.465154
77.861539, 60.096780
11.606325, 97.665871
86.961141, 86.263712
19.228349, 40.238936
48.770709, 77.694526
0.707523, 41.037629
36.748708, 60.017628
3.719968, 74.940910
3.565311, 26.434753
67.562598, 32.006580
83.704761, 95.560395
33.183843, 54.468977
95.540395, 38.761287
79.997582, 95.077967
36.451229, 50.367803
80.123501, 11.336499
89.587068, 50.438464
84.090520, 22.391568
25.499578, 96.234580
62.041578, 62.597771
94.759222, 13.229789
73.922936, 55.062044
36.637634, 6.542191
63.138942, 7.429995
85.409718, 20.680584
98.355742, 98.746152
78.899608, 74.951127
98.874268, 93.800823
75.172867, 15.872995
76.179212, 7.233024
7.109040, 84.806452
42.201977, 92.964972
37.830041, 98.461273
46.541534, 91.022523
64.678247, 54.103118
73.865840, 73.182839
5.835677, 77.010634
37.722067, 35.160306
31.696639, 81.427432
4.709015, 93.035760
25.365584, 12.871580
95.622504, 96.431220
84.238937, 13.843385
48.743166, 7.337237
57.034983, 82.532715
32.797203, 33.463948
93.255990, 6.808462
82.155877, 10.100311
53.172639, 18.649287
70.837884, 84.334462
99.898256, 53.916881
67.062003, 78.374602
65.035497, 2.939842
52.007922, 12.027821
74.173904, 46.177260
64.197766, 99.839338
29.908354, 98.671977
96.352591, 4.191106
5.627311, 2.267140
82.884065, 97.194512
42.122085, 93.059765
12.392839, 66.061124
76.580323, 57.984706
84.818845, 98.041679
40.969274, 94.200517
18.200180, 68.845379
80.580982, 32.308094
8.158832, 0.578844
37.226584, 35.390054
35.556482, 0.691353
64.749103, 34.887616
50.247968, 72.166253
52.569570, 18.909125
17.930322, 6.898548
30.419169, 60.116391
94.390703, 65.148503
88.244301, 42.848578
33.724500, 84.779190
49.706560, 58.083695
0.596238, 53.431988
70.142452, 15.692611
16.530788, 8.849927
83.672311, 82.073563
94.559686, 50.999787
40.313843, 9.217122
97.169693, 57.504154
69.169775, 5.159578
17.458539, 18.210308
9.214107, 28.151383
79.835374, 43.288189
5.860719, 30.409348
38.035296, 70.833063
42.134943, 77.680943
94.075787, 80.251292
73.474422, 56.991250
85.881209, 1.958166
4.587170, 35.343311
61.421684, 70.000057
38.416578, 78.713194
44.550423, 0.053517
64.750020, 39.763081
7.747788, 33.915415
59.005960, 30.829290
71.126501, 44.444775
31.061486, 47.414662
41.785109, 96.716269
26.096641, 94.231301
24.541274, 23.104980
94.224579, 65.352704
58.323947, 89.302233
52.092055, 23.871547
48.057460, 88.915160
66.566803, 89.902372
