2000
7102.139256, 887.176129
2841.947089, 534.288970
7983.549570, 769.063096
1706.501809, 3492.893062
2443.469643, 6187.609055
2034.290339, 1314.428789
3746.105191, 928.522375
9651.536842, 1724.775439
933.266614, 8227.784415
6315.580944, 4775.805618
7405.025019, 1488.334981
4391.579375, 7046.864472
2659.383605, 5600.694596
2476.538728, 8412.789593
2598.682284, 3083.150902
6636.441543, 6566.580164
4919.470681, 9753.587361
5429.304713, 5511.188636
1796.451182, 7791.383992
9382.298730, 8827.757257
4113.645109, 6705.204010
1830.225287, 3166.426298
4655.998737, 8650.157357
6513.063850, 1291.483499
6508.254759, 3385.227834
2746.318061, 872.993833
9032.276925, 8483.938872
9129.928076, 1232.012598
5345.717890, 6015.554490
5385.597980, 8810.770414
182.480345, 2585.315484
9327.189966, 9115.313202
5655.380773, 3038.171600
1320.921859, 1623.434699
4841.696128, 2070.568367
2583.739557, 5871.748510
1508.797346, 2378.318884
2563.090774, 789.681414
2144.105234, 6371.301857
5980.596981, 1960.341030
8516.609529, 9699.674903
2073.406568, 2188.178098
2183.483329, 6693.599949
5329.420331, 6234.484423
607.819509, 6356.960101
9300.731391, 3517.260111
946.542591, 1616.365355
7538.859625, 9986.113046
2739.285358, 363.924329
3113.848006, 113.697012
5796.566938, 7383.040325
505.966450, 1844.378244
2265.344253, 8804.524294
3549.021863, 8720.955599
1195.710701, 5346.168386
2402.757329, 7949.043743
4433.395728, 1634.716292
3897.387074, 1600.914119
606.451574, 6070.409476
3438.168499, 4002.503036
4538.021654, 6142.430696
5546.017653, 515.344398
3415.563062, 5305.409102
1241.166337, 3891.786442
3514.473917, 3503.023561
7963.252771, 3150.812482
4957.265327, 8098.598273
274.674896, 2277.686154
175.122561, 9543.967923
3882.148585, 2769.573525
8230.053174, 3926.364523
8765.204567, 1043.058822
5333.018246, 7227.879006
5482.626173, 8984.633778
2598.160563, 5976.071134
3449.717544, 5529.357937
3370.068067, 1757.549488
9526.793349, 4331.591916
2072.165129, 7096.378415
968.654761, 6446.785572
5564.813457, 395.228552
1146.340466, 187.637095
4610.962661, 1788.632967
7733.118109, 9810.273936
1971.035393, 2862.099627
8873.664204, 4518.187932
7466.576957, 3161.206529
3067.941310, 9882.257248
810.735463, 8313.921613
8150.728463, 5391.540286
8361.667986, 4015.304657
3449.194495, 1634.782651
5503.161384, 911.522593
131.319804, 6030.262448
5746.501834, 9258.020334
9580.391896, 6029.409733
7846.757118, 8338.209068
1876.948126, 827.944029
998.971178, 7621.262523
8826.245647, 4081.320364
7493.316838, 6440.770159
4411.952686, 4958.837747
5706.013289, 5786.095312
492.949181, 2929.035893
1294.240394, 9008.610807
5619.002059, 6960.203650
3569.660523, 7878.934023
6395.743028, 5058.979552
8340.161430, 9695.315224
9106.939578, 6474.644126
8786.690405, 1128.656615
4983.463625, 3559.730141
2190.354637, 9951.709987
6879.243381, 9435.446768
7280.931962, 3803.963323
4218.212017, 870.098185
9740.190960, 4974.446120
2396.103699, 847.255110
2688.925691, 4491.354557
7128.080730, 1933.828996
2466.003359, 2858.602023
8712.356087, 1703.068584
5672.360848, 736.120949
687.138978, 4322.273285
3707.968118, 7935.649161
4517.946445, 2833.948174
2546.692141, 3121.817139
2211.914864, 5901.151996
6078.867459, 5837.116008
8719.816039, 3419.266456
7790.630688, 3526.116431
8793.282442, 3816.173055
4366.586078, 872.449067
1414.757488, 873.787490
2250.251390, 4550.145663
3851.689467, 3149.229522
5284.390435, 7975.256880
863.356264, 6938.669764
7742.071564, 1395.302015
2789.342103, 6834.752021
8417.671373, 369.040653
6747.409016, 8747.403734
8037.102611, 5582.659421
2745.440217, 3504.680713
4707.291015, 7754.377165
6468.956698, 5733.987022
7172.869838, 6281.853954
8057.225941, 5250.925951
7476.193100, 1123.616184
153.811816, 8111.276546
189.625078, 6655.685324
4179.750155, 683.949007
5517.586435, 7161.097156
7947.449761, 1237.128777
7023.910381, 4723.690251
7454.617296, 9462.870527
4835.031717, 6921.387459
4500.320755, 9101.908134
7017.593246, 5537.885965
3906.285735, 9803.723236
2741.128056, 5385.542151
900.560731, 5544.355634
1936.531078, 8993.220756
1430.391540, 8437.223054
8635.746651, 5073.382689
2607.173543, 506.704477
3791.923733, 3199.023712
2046.533153, 6182.061310
8509.524409, 3097.956473
1704.046012, 3246.655587
6601.817951, 7303.054886
8087.019968, 2242.665581
2034.127755, 7375.855674
6341.824246, 8213.843498
4757.889027, 7346.003821
6359.443818, 2715.410516
9284.336868, 6751.637831
1062.408652, 3089.398227
1474.820173, 274.623706
7278.917496, 8882.674438
859.089003, 948.455904
4486.962959, 4361.563822
682.616413, 3069.052035
7252.989283, 9816.862093
8039.570377, 9524.461213
5862.377784, 2512.884868
8044.802607, 4363.258711
487.317442, 6780.851373
323.661912, 4367.205098
2400.083117, 984.778622
7877.929991, 2261.790703
665.325931, 3640.349695
9175.249068, 6646.904913
7351.831273, 6714.011459
6593.534762, 4188.992901
9566.672764, 2307.631983
6483.206516, 2131.524640
7165.925762, 7009.782216
4535.906696, 5726.194644
5541.246029, 4589.446756
3992.982665, 4406.799105
9784.569898, 1117.945083
8796.318212, 4656.914793
4431.062656, 3981.072935
834.108486, 9796.929845
8631.990951, 5123.895230
7432.631920, 9199.828119
9758.993203, 8497.175927
7749.133275, 4609.675621
4101.139923, 2247.471805
7959.479749, 1864.079612
8236.527721, 3500.896780
5421.680252, 9251.393987
8270.950494, 8615.090191
3782.796952, 9182.120285
8778.733366, 3485.761566
8840.578255, 7628.432578
1365.914104, 8348.201115
1190.051417, 5784.498315
2427.609544, 4706.514949
5197.820264, 5130.201781
9334.664970, 4978.111098
6848.175375, 7835.427049
7294.655991, 3621.110277
2122.108905, 758.988618
56.022959, 7891.089693
2481.912635, 3749.804138
1053.210720, 7745.259062
5526.994114, 3317.402295
156.158136, 6069.893091
8357.886924, 7288.823187
3675.427478, 5817.023242
5120.848632, 5662.630471
492.728775, 9693.203877
9795.624965, 6491.253928
9487.862507, 8368.093883
3158.041375, 1638.042288
6291.409822, 4568.330466
2809.969026, 5561.769830
1973.007259, 3790.070719
4646.160506, 5035.907257
1175.319617, 2011.766120
8065.699887, 2598.280034
9687.825532, 4500.436071
8982.634786, 8820.328131
831.532023, 8876.252904
641.508729, 4009.127838
2896.381598, 8119.350316
9361.949727, 7531.995430
4882.843865, 5219.583066
6120.975334, 1112.838561
9620.629299, 6075.119064
2129.244013, 4655.198988
6053.761363, 6458.914013
5265.827763, 1249.391680
161.044023, 1766.341494
3874.190837, 3713.226379
1178.816781, 1906.092669
9633.859715, 3544.734525
6995.585376, 5115.596528
9611.136381, 9086.133976
1575.267509, 3782.382727
5649.075118, 6760.368064
8302.104062, 6076.092782
4338.198853, 260.752747
7957.201178, 5491.024821
4992.661561, 6016.641811
5671.191412, 6316.423615
7133.851653, 8499.292923
624.185428, 9252.581413
6226.319862, 9816.171756
8420.084214, 785.488559
2932.566291, 3127.273481
3507.925541, 5934.353178
3686.614204, 8298.347402
881.253786, 4471.174494
9917.641101, 8233.078846
936.296033, 1398.641296
7442.591489, 5893.629667
9257.845098, 7115.700316
9564.215964, 408.184339
6699.964203, 4141.636257
612.787532, 1229.443982
4532.744472, 2272.698785
5704.504900, 7494.002084
7746.679474, 7835.518018
635.715271, 6151.142388
4941.370713, 8821.177936
3224.006995, 5910.297146
8238.419117, 5651.266406
3424.455437, 7324.398954
3317.378493, 8827.465884
8596.959413, 8016.085645
1055.088688, 6006.464831
5962.240276, 7552.125820
9004.241257, 3066.156253
4193.523838, 1337.009454
9997.754009, 4485.028530
4155.245428, 6008.654888
6427.333048, 4226.953718
8857.334754, 6847.949027
1117.768061, 3611.058356
9953.750020, 762.157610
6220.425727, 7323.317507
8879.518071, 6494.718643
4073.005287, 9336.000809
4047.509101, 6881.391309
4860.925280, 6363.301110
2053.985609, 5706.663370
5114.273636, 2351.291224
7848.355073, 254.453086
2742.073770, 8853.467443
3073.656676, 2129.947355
3511.811197, 232.049937
5906.380088, 649.017817
1338.770251, 8308.939113
9559.589135, 6730.029050
5037.523537, 3561.307700
52.080426, 2743.514482
9514.982291, 7780.829296
2059.815627, 3615.051796
1726.921097, 1075.878893
6967.731369, 4535.000288
4983.181773, 7122.012975
5935.046259, 7443.877193
3219.522275, 5100.431124
3859.670810, 5012.150783
5394.653116, 3331.177383
1353.198094, 4680.697828
1756.293835, 8089.716065
8761.335026, 8709.050969
9654.464074, 140.930675
7662.208251, 9710.090228
5700.301434, 694.066261
7204.012745, 4342.583639
7306.185372, 5793.790954
8415.425670, 4390.440094
8670.374480, 9993.495982
4285.822506, 1206.870360
4829.738216, 5739.995723
8093.509825, 5254.845353
4127.950597, 5865.153311
2957.419227, 2860.193629
6786.221532, 2153.170616
2924.744585, 8225.716701
37.850406, 7695.735932
4286.282033, 3504.984991
4932.946938, 6388.714352
2742.592254, 5118.169222
1153.717732, 5462.195875
8012.477099, 2978.491290
9157.863265, 230.627497
6585.908479, 3953.520607
3436.742328, 8696.143128
1124.065080, 6157.012760
7893.212604, 4914.695478
643.873058, 7292.782956
3246.419311, 2969.875351
474.253127, 6609.460968
1014.783882, 6005.519204
4659.294197, 9689.429773
2258.958659, 8148.485507
1269.696605, 4102.832823
8906.836702, 6240.494062
3546.489868, 3069.765792
5602.923149, 6008.928694
3675.750837, 2417.669668
8677.488436, 8503.131266
9854.148647, 260.941107
775.731187, 8769.874729
9519.222605, 9206.476393
1632.596836, 5358.578285
8990.689779, 7364.670884
2841.944814, 9124.760270
8124.940110, 6766.986421
1024.724065, 3339.642054
4320.842802, 8183.633108
6274.051191, 6810.422399
3515.347558, 8385.129355
4638.003003, 2193.457365
2844.714355, 1086.169694
3186.035365, 6290.762619
3438.566338, 4782.495781
3798.927018, 2925.791880
9469.974639, 1475.464557
8563.744270, 1550.259932
6069.332804, 2786.293427
7519.898748, 9908.088058
9921.772852, 3900.466402
4076.605935, 6310.176714
7561.336075, 6124.601269
7680.314373, 7247.030028
2070.928234, 164.436838
4886.588142, 383.631790
2403.279916, 4392.843370
2990.876255, 8394.902488
7342.592484, 2281.078646
840.951129, 6035.982289
6726.329480, 4475.330708
3497.565634, 7808.012859
3720.207898, 68.587912
5124.596856, 9460.127983
2060.346027, 4725.043526
557.083810, 9954.312570
2823.826279, 2419.690511
3265.798665, 4663.257640
9155.297343, 1234.926041
1651.812380, 7504.246838
8726.047346, 1322.960690
2519.686485, 360.918038
1070.176182, 9781.830478
9483.970658, 3822.875858
5778.886334, 8629.825750
6241.438146, 4782.478836
3992.868003, 4714.675860
9783.892781, 5381.598024
4023.405862, 1475.631517
1056.817234, 1552.199329
1200.362530, 2279.976795
2477.749709, 1269.238162
8063.189673, 3427.395451
145.098616, 3209.082876
5465.556642, 6870.743750
9862.645999, 3548.453413
3943.691682, 6972.921512
5972.671903, 361.294896
7345.091428, 6203.788638
6400.173348, 3055.073843
4572.539538, 4811.483128
8615.626553, 967.178851
180.960154, 6427.232678
2282.920481, 7195.112861
417.127581, 3551.294491
4964.835471, 4461.052456
4209.482601, 2397.318571
7746.392216, 6828.507968
1852.196600, 9446.313084
1458.404408, 8975.092216
1745.851023, 3628.725597
776.198872, 5432.406184
3699.659119, 8823.809188
4233.174111, 5195.583415
1750.079477, 5037.739675
8029.703953, 9661.238281
642.047841, 7886.787447
4209.834642, 9514.786388
3427.289607, 7577.664777
1147.323787, 4990.451230
8342.670335, 6672.023344
1633.380949, 8316.247474
2771.715154, 1727.197429
7198.786925, 1266.037130
4068.858097, 1310.393565
3339.749546, 4001.256277
9359.398733, 3856.089584
7444.763985, 2813.390842
1829.350461, 5353.717013
3798.029827, 282.228765
811.746339, 1852.744786
4489.738725, 1903.326884
1781.916929, 2412.469470
8761.149710, 9055.414491
7824.478962, 3578.312804
8742.955230, 8094.368657
6788.990691, 69.100232
9711.711371, 7660.485061
4240.886656, 8165.478790
312.091495, 4280.142626
2616.524680, 4102.217467
7547.964337, 6154.901891
2607.783244, 83.274142
4330.001329, 986.724625
1218.952992, 4536.493021
2750.342029, 5906.143292
2405.119472, 4821.325632
4501.192729, 3232.858671
4031.286191, 8571.833793
9646.419544, 1890.975829
5339.376614, 7884.158312
7765.075001, 8771.711037
4326.563326, 9081.913916
5953.496784, 9572.225994
3004.153925, 1134.281008
5740.736424, 9044.729734
3156.415763, 4326.144556
784.991751, 7959.238664
5132.250157, 4400.818911
3942.307182, 1616.212783
4534.188505, 6422.904352
2138.113678, 8425.444827
9739.873394, 7632.220215
2335.724736, 718.491129
9960.478379, 8917.097592
3596.215215, 2179.716632
9147.796265, 2804.872094
381.569735, 9092.954918
6219.798285, 5383.483396
8520.818337, 6048.108440
1449.259203, 167.891820
3383.555880, 8469.692259
7878.573375, 5043.892876
5764.406429, 5176.045109
9364.892438, 4537.986591
4420.120997, 3460.119465
7190.772169, 9257.704722
3046.415193, 1469.204357
3630.800590, 5426.722055
3211.476477, 8868.837514
2516.057489, 301.626972
334.149911, 3386.303628
3545.659978, 7638.313815
1239.778317, 5007.998971
3079.010809, 3739.536865
2494.482869, 7777.912462
2568.286186, 3297.948970
5307.150941, 9471.248778
4772.614539, 6438.661333
6.114429, 8848.804691
4331.098689, 2568.818216
5340.774881, 3930.244264
9308.731041, 4838.766811
2201.254960, 4282.903797
9640.368459, 320.847692
8223.598386, 8988.166615
3474.539838, 9499.185901
620.839357, 4841.661438
1130.558628, 4000.448681
7325.907086, 3499.387283
1004.597918, 9516.262843
2271.808857, 8589.917959
9338.570568, 5446.887864
6186.058378, 9048.125457
6156.067190, 7190.575480
2051.768017, 1830.643725
5237.687276, 6872.727218
8161.232456, 4660.437468
5765.544751, 7258.499823
7409.902549, 2215.218149
2243.673560, 356.661162
9295.984516, 4967.314984
6126.341341, 2137.874658
4425.139149, 8700.476414
7938.492579, 406.104951
9072.830114, 6208.949829
8704.712316, 3622.950560
6269.208183, 3252.391474
9690.539329, 3707.603845
7490.514904, 2954.135066
5952.674120, 6898.347152
3098.714642, 9704.237390
2383.733241, 153.695036
5838.599183, 8201.552904
6059.616431, 450.175744
1680.970714, 778.026049
3738.340004, 872.782534
4811.309164, 1707.173795
4823.614848, 5602.808354
1873.710032, 5472.767334
2807.830060, 2237.499273
139.245371, 8066.357786
4593.795104, 5164.280560
3044.390210, 2753.141354
2192.526916, 3004.894969
2666.972703, 6678.543419
1933.144771, 5086.331540
9412.747611, 9790.359457
9196.804938, 8221.628269
8817.971237, 1980.602510
3416.876899, 3794.584873
3906.392827, 5528.676347
7009.339616, 5625.903770
3361.994721, 653.145172
7760.722037, 1399.162007
8500.381216, 4975.173589
2879.981960, 1679.010609
1148.255743, 6548.911255
2957.762186, 3041.670512
4094.703139, 6343.065653
2234.632633, 3390.533376
5045.548513, 3643.736608
9310.094059, 4908.127925
5583.230211, 8082.071392
5966.667210, 5983.883116
9321.130705, 8223.582162
3616.195611, 2937.159626
6676.741228, 4502.091587
4487.424733, 8606.574612
3217.880431, 4028.278923
2456.835523, 8063.349773
7374.821457, 3451.669077
7789.624619, 7927.478266
8545.123121, 2797.296657
854.638255, 7846.795747
4323.289950, 988.031518
6881.293023, 8159.739537
4366.665116, 5591.302360
6711.479499, 1652.636756
1800.309352, 7184.640244
1953.778250, 705.436214
9769.664037, 2289.910992
7469.051781, 2240.032408
46.925999, 813.521206
9224.950094, 3633.525394
2711.447993, 3322.733085
6141.680642, 8342.617331
3725.055156, 8637.265454
7765.338619, 9504.410967
9925.273581, 5220.112134
1395.761029, 1795.412326
384.427472, 9748.377255
3287.713025, 7750.637954
7507.871356, 8684.909419
6593.333369, 3072.736934
2400.630871, 1705.286629
9272.582009, 8472.915186
1883.255130, 8308.131493
1213.351284, 7524.017178
193.162665, 5658.242449
3900.230531, 726.396384
3155.426042, 7014.832588
4815.902692, 237.812565
53.543036, 4119.994751
6818.223929, 3876.286260
4353.788899, 3143.875093
169.433505, 5492.345036
4421.757117, 7434.193276
9029.517004, 7433.132792
3476.600191, 6417.628387
8497.346745, 4258.914538
5033.878749, 818.763859
5155.847598, 9490.414142
8601.533563, 5608.397857
1117.930639, 3261.613270
7334.930102, 2268.937898
9061.067550, 4995.583706
7849.190079, 4090.998712
682.742679, 129.220325
7846.875644, 7072.977637
4459.666900, 4761.525611
7875.655058, 8110.665878
2311.826069, 1204.981880
680.217925, 110.468492
2576.728511, 2830.523114
7892.312813, 9169.630604
4898.570744, 6816.168169
2168.015917, 3614.024771
6802.919986, 5732.265248
6673.224833, 2973.867049
4962.561628, 2313.057829
843.832765, 8006.546215
3911.357571, 232.758234
8247.946566, 6018.316155
3453.354343, 4332.574363
7827.576271, 7657.457726
6225.824067, 2384.152333
7572.658283, 7057.956677
9515.546266, 1996.820924
9536.638740, 1641.725312
6751.889828, 1500.381986
2756.742917, 7220.439701
5120.240158, 4656.741374
9951.365081, 4166.213626
3137.751777, 9064.738631
2353.572718, 5717.847644
4412.637599, 6826.189948
4716.920740, 8787.188792
1694.851560, 8010.203931
8676.885473, 8883.937288
9710.062412, 5937.329405
9256.524593, 3951.999149
7613.293263, 5070.597292
7647.546711, 272.061073
618.686247, 5644.786388
98.556655, 945.698173
1833.611174, 3281.565762
4089.136236, 6617.097396
9186.073122, 4857.841442
4744.251948, 2039.272030
7986.377552, 7020.997759
668.894214, 1579.323452
5318.949464, 459.615371
4954.470781, 8936.835831
4662.021931, 8803.559876
538.692518, 3244.149842
6827.763257, 8430.976443
724.364351, 7661.832598
5595.694019, 4709.985034
9905.701620, 5382.360820
9384.907582, 2371.424656
5978.441733, 8287.484044
6765.513898, 8372.959088
1056.034178, 244.388707
7490.012145, 6372.388535
1940.545180, 9876.675256
4518.552560, 869.527775
6583.773914, 9403.563056
4955.016205, 5202.008387
416.386242, 9944.197174
8907.474615, 276.803168
2001.391326, 460.861903
6017.306636, 4976.307048
3657.033820, 5217.300188
7763.666361, 9214.866355
6937.739877, 2098.846184
109.601217, 7206.491292
3142.488135, 9235.165934
5851.803663, 5086.078797
6617.163998, 2974.326030
4514.476370, 361.861897
4511.456964, 6100.956637
3174.821789, 7996.113601
5394.194650, 4930.531798
21.888279, 6982.701847
2912.332027, 4442.050735
4795.649091, 5223.850316
7179.060489, 8435.691531
7769.383360, 5762.158189
4912.506586, 5242.824090
7408.251821, 7281.515886
9605.761291, 7555.003173
1170.608507, 8824.049044
303.416587, 5893.211573
1740.135123, 6443.069346
3804.686141, 9460.375164
9243.018370, 1912.278348
4931.724057, 4527.942902
4979.355164, 4347.289935
4357.093456, 9369.467110
5058.666202, 2673.481329
1994.604082, 7810.221363
894.374308, 4812.760054
8375.371625, 2660.400218
9277.997415, 9445.249778
1719.492931, 4137.257737
2390.788024, 6654.836256
225.183001, 1895.110349
5708.715850, 5759.185855
6047.195421, 3494.660912
4261.245824, 6023.801460
8374.296203, 5188.519559
9094.571337, 8850.910336
5254.688323, 1074.365018
2731.553731, 7794.354234
2130.579787, 1699.834352
2094.711930, 3176.921591
887.447031, 9577.828650
9655.071699, 892.088929
3943.807632, 521.853839
5186.717266, 4042.496820
2777.957113, 3332.254241
9104.525452, 6632.293687
9751.854836, 4198.661136
7366.401449, 1197.697993
5125.412152, 1328.781142
2834.959376, 4819.097526
5951.560520, 2519.219639
8180.860912, 4745.805056
3530.578252, 76.606605
7879.805958, 8040.577021
9809.024140, 9074.093898
5158.199825, 390.924539
1897.095784, 967.877429
8506.923288, 8984.599111
8191.711138, 1268.167551
3119.364733, 4822.696839
6360.945810, 1566.409659
9941.264894, 3661.572189
395.346577, 603.465660
4063.498962, 1510.196590
4577.043405, 4150.484464
4177.979203, 7960.998238
355.886743, 7228.287507
2553.474709, 904.928897
901.303171, 9022.848185
983.741321, 5485.147374
4064.784597, 9503.959985
9073.565333, 7579.813818
4532.277539, 3984.775821
5160.641235, 9082.099021
177.126103, 3969.707058
8916.685680, 2270.643046
3079.541951, 6162.083589
992.946809, 5262.887277
8341.339174, 6770.179807
5479.069587, 7860.841641
6592.328225, 9416.575619
818.041224, 9361.236448
4979.800638, 9394.255268
6984.237570, 2206.676347
9440.836630, 3117.127970
9236.535586, 7183.123374
6791.449965, 461.242735
380.128164, 8053.585581
5816.131355, 1813.461505
5823.398790, 8616.658078
3688.377578, 7585.838909
8529.464432, 3039.020461
4221.262063, 882.477355
4130.263018, 8564.995642
7113.843467, 5958.845291
6152.567949, 7404.447615
4437.148952, 7743.138840
9335.147543, 1446.862833
9841.906710, 2378.190642
1499.855443, 1555.645101
4875.000249, 4103.364828
4620.740766, 3510.160734
1336.099574, 3252.043332
429.278786, 2723.361172
672.055691, 5002.461587
7707.095462, 5272.480881
1411.859765, 3404.297997
4427.552678, 5921.784896
1632.068191, 2677.766694
4236.220346, 7034.181452
4200.246340, 8046.563780
4311.357588, 9558.696356
6571.342216, 8494.226844
9099.351824, 652.300391
4516.619932, 1884.804824
4884.477085, 2737.106647
1258.562015, 6274.154578
2331.232065, 1621.671560
6231.148052, 979.643055
531.865805, 2049.858517
5360.111080, 956.041993
7444.199202, 1312.401564
9498.816943, 1713.282370
3375.813108, 2830.394031
432.875556, 4811.911595
4000.527456, 982.719448
8927.472124, 9498.988653
9187.541410, 5972.787688
7437.284712, 3525.885598
3961.657048, 3485.754337
5786.344494, 953.750894
3078.805688, 619.594858
2766.973564, 6795.132479
925.002335, 7455.730532
3720.417445, 7382.184712
2313.475980, 4394.914595
4329.475539, 1557.426570
7664.939979, 1906.275639
2284.824219, 3587.001470
6851.240309, 263.579882
7514.878248, 4225.746169
7939.824333, 6162.791960
6549.719564, 1868.298270
5086.851402, 9970.818779
2182.302293, 8101.179711
4382.076056, 6896.437902
3279.791159, 1038.535016
4627.005736, 9563.249769
8211.279462, 4832.151429
417.133288, 4146.074033
1303.026566, 1751.061098
3223.187085, 9874.033574
2451.232376, 5708.382938
7866.816874, 3714.981936
7451.491507, 9935.208849
7125.365613, 4306.796574
7242.870163, 5358.197971
4007.259753, 401.380576
4440.445246, 7888.325206
9426.950133, 4123.984262
6209.345924, 7155.206876
1128.014647, 7302.913935
764.284932, 4880.275984
4217.423565, 5286.268658
5920.534354, 9590.163713
5136.692689, 4022.044240
258.697640, 2827.389088
8543.551947, 2710.756574
736.831109, 5155.102208
9331.305236, 5047.139558
9906.290623, 6953.845299
3500.286336, 2942.315499
201.420707, 7160.936916
9846.439527, 2332.746309
7403.742983, 8370.245009
2050.046933, 1690.104441
1465.597664, 3645.210779
2159.202218, 9594.991562
6458.273778, 5650.254961
3756.887097, 9059.091915
5625.239393, 7194.116873
7566.994236, 7761.980484
9385.418001, 3905.013058
2702.655983, 5589.644221
6665.612572, 35.288833
89.408298, 9866.243228
3951.912233, 5221.667529
4004.204359, 3700.693522
6221.216135, 9536.739540
601.547977, 8152.930975
8775.254317, 6502.204191
8153.477827, 8275.787362
1433.301238, 2690.734797
9807.183632, 658.323970
699.409924, 1264.779399
3866.810967, 3613.803829
3537.481020, 9058.553304
7946.807871, 9184.480192
7532.005779, 7574.024694
176.927937, 9525.794270
8657.519456, 2585.556973
6493.357674, 9213.867769
3502.796025, 2149.544832
7752.925561, 6116.101271
6683.548242, 1340.564800
5262.290437, 7236.872530
6781.853951, 9952.835664
9673.738385, 1622.900866
2989.811397, 2598.295414
4558.945465, 3580.342806
4889.716020, 3738.389766
113.892415, 3529.089937
411.597336, 6329.612305
3790.752244, 6447.471319
842.930195, 4815.098155
2393.294653, 6439.355618
6336.111414, 5231.737127
8870.129173, 6695.350150
2319.844575, 834.478167
2117.401829, 202.694138
642.858266, 5374.105923
9199.654698, 2574.829514
3146.790365, 2465.227960
6779.166766, 1459.364091
1048.124937, 1061.610835
5779.150642, 7312.391337
2108.252304, 5677.725430
8158.372314, 2021.748371
1705.281739, 1997.958081
7927.917364, 1256.202533
3717.231984, 6306.660170
5209.097872, 3088.888734
238.589273, 1191.492853
393.565538, 3104.155105
2576.597448, 969.885347
6000.903219, 8469.531283
2184.575372, 1575.681473
784.044509, 8602.648753
7827.603832, 5255.493095
8551.977590, 9506.691651
6551.313812, 6636.354609
661.035817, 1665.807630
8193.915917, 9591.969923
2961.556555, 6608.984864
476.854041, 5233.244599
1574.567717, 189.906366
6004.080898, 3212.460775
7100.720700, 1359.142062
7895.395130, 1659.427206
6864.376949, 1974.742147
733.264152, 5046.229966
5180.563200, 554.021387
3429.486432, 4369.469956
1124.656552, 2212.680356
9116.636741, 6890.048975
2612.636679, 3674.473316
8931.471826, 1407.713738
8270.014576, 7518.600604
8468.484329, 3151.358759
4688.359010, 9787.208815
5560.562861, 4112.419922
8887.711361, 7188.061127
742.066911, 9600.800962
1845.664051, 7323.943219
445.521954, 5095.608988
7474.942373, 4982.162013
1833.037591, 7437.357768
7562.785965, 65.446116
1016.600153, 3685.358258
8833.364660, 5871.063221
8037.549593, 1078.852567
1062.198536, 2538.571695
7571.755794, 5452.452696
3906.784493, 6184.616073
1690.577070, 4551.417992
9353.529037, 5088.515930
6057.686744, 4891.827190
4687.579794, 7193.601313
3064.051415, 4702.263510
3487.585279, 3506.374063
977.961341, 3397.187531
2254.435942, 8026.420562
1301.071263, 4731.122677
275.125918, 2428.721980
5681.166267, 9817.568927
7911.270078, 9675.259615
1270.184215, 8520.155153
2327.575462, 103.102557
2078.873720, 2888.525667
6697.119733, 447.345526
6924.214912, 8564.629560
3400.429115, 8697.655560
7559.356264, 45.098751
313.200840, 5676.541032
5997.962387, 2516.571539
589.073570, 2546.039137
6037.350560, 6679.308377
2022.780957, 9776.186386
2268.284272, 5145.070176
7659.102531, 1245.982616
3148.028220, 8600.255442
6490.403569, 9765.064895
3000.121379, 2924.354753
2167.745285, 3144.844454
3219.258283, 689.015174
5222.953726, 2154.197830
4572.019491, 3775.090080
8029.928136, 3844.378249
719.796891, 67.058566
6112.769519, 7424.936433
6316.273397, 3965.815757
5416.295757, 8333.654994
4898.669121, 2239.611933
2394.569767, 3005.426109
6217.108937, 4516.853814
3618.345492, 5822.262197
2140.247533, 4952.292692
3720.669361, 1919.240378
1693.828619, 1980.516831
8374.807576, 2366.857551
5413.695666, 2011.073823
5962.775962, 2196.601948
2129.883708, 6440.182688
8875.539940, 8799.738809
9434.908884, 4878.787753
6799.061679, 6886.564859
2671.523871, 1751.888820
7587.503226, 6512.339194
337.161847, 5491.256998
637.062084, 540.721726
8512.544357, 6354.525029
1853.233395, 4847.255596
4843.685561, 1736.507478
9376.844800, 1858.240062
4545.271014, 7209.443813
4208.917963, 3576.653475
2411.011099, 9742.037584
4355.344184, 3041.232479
8172.478213, 3744.677020
5082.205944, 6290.990887
1679.422604, 1309.891962
8003.855023, 8230.502257
4021.634502, 7070.778812
5321.390888, 6494.064635
2980.014063, 6102.672049
3109.814963, 7079.940412
5178.815903, 7649.026483
120.921517, 9471.452293
7191.274850, 9014.312195
1205.881700, 28.483082
2182.578075, 9925.357263
3760.031798, 7616.083327
5931.955424, 4843.371554
2417.944628, 5185.922963
8697.440225, 675.516247
622.816557, 3631.120658
4177.251627, 9752.873322
5033.943246, 3846.341369
1136.126981, 5379.439307
4471.680696, 5783.613048
6279.649133, 4749.443492
7456.189193, 9842.193971
5604.666913, 8475.034119
3571.159584, 3979.754628
4684.123682, 2877.038056
5063.134205, 5179.722535
4001.540326, 8436.781374
3319.730272, 5574.833059
2234.487126, 393.958140
3861.770685, 8089.577270
6011.758786, 4923.503420
3301.065134, 7245.572086
1118.283858, 7804.194553
4738.558220, 5109.073107
2606.024606, 2060.214737
9663.809653, 1575.496202
6951.052268, 567.412514
8301.268627, 3880.054364
5729.221059, 6130.539965
3526.065080, 2763.215915
856.820571, 947.343729
190.568066, 975.764334
5591.648203, 5518.451420
1472.007414, 5905.239135
6695.231247, 6615.137888
2144.398639, 3181.615220
2040.094760, 8827.280773
7665.068247, 1414.081803
9237.435838, 8553.516840
9963.753449, 5530.940689
5067.578495, 7639.705698
5061.043713, 6719.740489
8661.068816, 9879.283174
7845.617841, 4211.975220
9487.524452, 2910.201032
8332.956794, 9379.357232
1155.044439, 7630.433161
1003.702826, 2082.016341
2072.632148, 592.796229
6972.870604, 9483.348960
705.639748, 7081.122527
6161.822485, 8978.761055
6071.968031, 6127.756335
9784.958454, 9317.746755
22.357967, 5657.792507
2810.737056, 2673.613413
6766.830030, 8067.042431
5929.754176, 1229.602390
5021.617204, 6845.719943
2985.222048, 9634.026347
7462.141832, 5312.501570
7342.555811, 9514.717954
9433.905679, 5224.666652
3265.829847, 8835.232661
8422.674010, 1620.771229
3848.740663, 6936.669898
8281.966522, 9064.703653
2860.050217, 1336.531381
2598.701341, 3760.459732
5284.759214, 5766.247977
8769.694196, 5739.853983
3669.250303, 2690.238298
5588.248379, 6113.740303
32.579952, 7928.385225
2071.794585, 9400.597295
4476.008687, 4382.164478
7453.189717, 1931.022400
2536.271732, 3829.157479
4795.366613, 2337.349214
5833.469780, 6018.964143
5008.491788, 4763.970491
9555.237692, 1799.720835
4384.498205, 828.899962
7152.399443, 9982.894731
1140.944250, 5004.358380
623.727922, 3446.545801
2884.563094, 1654.891350
205.204874, 22.879015
99.243662, 4483.706235
1525.299840, 2330.580955
9822.397427, 4797.416986
8619.288061, 5862.197141
1955.346698, 5733.637579
5176.993751, 3353.165789
7456.575160, 9891.508257
6474.149696, 7425.641572
2038.849915, 5778.958891
2354.143384, 3180.620889
4862.215185, 2834.730812
2764.787284, 5727.428726
9559.215692, 5471.052910
5167.080317, 2271.981130
3609.493351, 302.357266
4783.746014, 5892.435645
6990.879550, 8855.862148
7978.329855, 3700.990016
3901.532799, 9249.046150
5521.359758, 3047.151938
5473.397460, 3701.681369
6442.481754, 2020.814772
1069.053606, 6799.308967
9275.581361, 9249.896734
6511.504116, 9783.615224
7750.446669, 6476.990363
4877.764658, 7259.171563
2064.145210, 945.300144
9687.301098, 354.434635
9283.522653, 5782.492533
723.131698, 1725.478881
2120.774644, 2670.808476
8653.798779, 4163.514589
1919.952374, 5550.444722
8436.954782, 8535.746168
2141.310069, 6299.808920
5642.473115, 1266.445797
2192.217039, 7037.894833
3212.017709, 917.597531
588.078971, 8110.008179
2466.664425, 8047.800773
5223.429210, 809.265622
3530.340274, 177.619243
8403.636716, 9622.407894
1267.659080, 9952.300276
1819.966321, 5857.263279
941.357314, 4680.923912
8349.411965, 2075.742972
9424.634210, 5632.003538
8768.921340, 4518.760442
6656.222227, 3747.167411
8232.215450, 9764.762405
3628.526147, 52.881640
3130.444552, 5226.919037
8512.802436, 7537.157124
8239.788796, 7828.088178
9167.610038, 9886.636344
898.900759, 9096.501456
2379.435702, 8089.924393
3762.621210, 5817.233818
1388.113600, 4083.554923
756.338765, 1884.422060
9994.597008, 6784.638281
9022.319382, 8217.582760
5784.262564, 8085.529703
9812.674009, 1835.024170
726.106487, 4514.068963
920.611515, 1087.438467
7056.294659, 1788.254227
3113.532364, 1330.454151
6208.974242, 7946.137895
2885.083629, 9426.098669
8462.220933, 9443.986848
7016.226655, 8664.804655
1582.417619, 5681.697487
4190.857464, 6618.261747
6521.737404, 1534.502050
1884.397339, 4441.800612
8048.622527, 5063.990427
3269.009559, 5561.257652
2904.961017, 3568.087897
4281.483090, 2932.342538
4713.265669, 3207.778717
1673.319493, 9199.863201
8412.283960, 8767.509702
2648.193576, 7379.337944
8036.869648, 8161.809173
9095.644021, 4635.770744
3746.151590, 4405.908012
6650.657040, 9749.071089
560.075824, 1322.531393
904.065710, 5667.554631
7199.648856, 9047.687278
5628.338618, 2759.718057
7808.354964, 1222.148979
6877.849411, 3160.674450
7808.568948, 9386.408406
6271.409801, 4089.344565
4056.154205, 9161.068055
3468.024575, 2193.118343
2216.580591, 7213.737586
8197.430344, 2195.461127
2073.676160, 4968.700770
5043.526305, 7922.022764
4831.208045, 1646.621115
8650.240695, 9209.634085
3007.629161, 5896.635916
640.331773, 9975.621704
7035.290010, 3822.860388
9951.178294, 5848.048474
5344.396249, 3483.955802
8559.263067, 9030.268907
8460.277173, 9992.814536
9015.467393, 9732.154858
3138.681182, 2343.403001
1553.287868, 2549.447374
107.295089, 7620.568223
1150.159926, 2250.270363
1804.868154, 256.889108
4181.503595, 553.628440
9338.678228, 1228.068774
1050.313211, 8711.432868
4245.873582, 6965.085569
711.204870, 7126.138808
5934.624027, 7178.747223
6444.685595, 9180.044718
2529.340410, 1615.166433
4710.801018, 2711.678041
8064.882220, 1727.116146
8334.419697, 9931.584123
2860.912641, 2784.416205
6005.030454, 9009.164154
7093.875233, 6628.362457
3184.490061, 3243.972268
3103.344072, 5232.977836
1136.579013, 3130.033006
7499.668335, 1598.462523
9038.398792, 5930.972213
108.853346, 1645.518656
3566.512508, 5391.107763
213.486921, 257.388483
2614.249248, 4727.640549
4730.929864, 2900.330086
6638.887652, 782.572904
5400.650391, 6799.715505
7131.497544, 4264.171648
2943.013402, 27.267072
9890.401016, 8733.323959
8461.002836, 2793.628048
9595.445962, 843.330550
388.078026, 1823.203372
411.046776, 740.197850
2342.739916, 7287.312699
2250.677292, 1872.145959
8683.651313, 624.367957
8507.056861, 8798.889198
1483.229899, 5114.138113
6081.854985, 8712.126157
2155.189620, 2973.186865
1659.463779, 8143.577173
9835.012844, 6619.500215
3218.525571, 1020.726513
4841.463271, 3375.166280
3041.196007, 9630.289717
4292.600420, 4351.895600
6195.016531, 7353.551172
8782.200937, 9955.655098
8461.892063, 6202.552844
5518.288872, 682.983824
1277.027335, 9965.096873
3371.887966, 2475.590146
2242.763843, 2663.130917
1949.825577, 3347.410583
7706.585030, 7191.834291
9796.623169, 9615.091413
2056.959247, 1944.101955
6361.521169, 9058.356360
6113.663033, 7522.354622
5491.938450, 5097.712154
5668.765694, 132.420916
8910.151680, 1700.583842
3270.920981, 7588.077603
9903.740470, 7982.609647
5523.711941, 8732.106136
6471.110586, 5767.688270
871.130197, 945.144165
9428.405358, 2943.302995
15.195373, 429.700200
1707.477164, 9890.114287
287.845215, 3262.052820
8482.998797, 4047.033609
999.977453, 6243.598474
6237.394022, 7948.379311
105.894666, 1796.628077
9736.791779, 2055.793694
7675.548713, 3921.259493
1760.623284, 8637.863972
1790.608845, 5452.514847
7484.769455, 3624.336403
6250.994936, 1854.744050
3208.316433, 1973.196053
4383.352830, 7335.708925
2424.885575, 819.133563
880.679271, 9070.666175
2160.008941, 9677.480336
9047.894732, 8505.806502
2150.550095, 7362.575905
8407.995491, 8688.068827
2144.411068, 9110.299765
6379.101527, 1651.872476
6832.012943, 8492.639632
9981.956663, 8708.389162
8482.624391, 1897.604051
7914.062150, 2762.001570
9560.930067, 2034.993860
2351.221428, 64.638598
8438.232016, 2727.151360
6053.230953, 4733.069456
3416.878413, 2258.733915
7206.842538, 6653.423078
4667.873705, 5923.657226
1279.959729, 9905.904786
5117.656786, 6975.968833
3585.526948, 9074.126679
9107.588742, 9113.705248
383.622475, 9493.815996
9063.456296, 139.539242
3857.002381, 8288.713453
5351.543259, 8573.828517
5854.992455, 7715.883819
5918.642491, 7018.937130
1320.849768, 6368.860683
8693.598949, 6935.721485
3261.186641, 8378.164666
7460.951167, 4911.446354
8261.809982, 1265.400904
9222.762487, 2814.219545
6734.006686, 5668.273228
891.111517, 6258.097742
5105.269700, 7368.655604
2331.618598, 5714.012668
3354.644948, 5292.498511
7036.378638, 7913.328325
5579.507765, 6088.567546
3063.359800, 128.909804
2481.798129, 5799.005475
800.155151, 7261.668119
875.604587, 879.742720
3046.320438, 1267.510416
1828.456339, 5008.024642
1597.346503, 7928.318738
5971.519881, 8441.936304
3034.449523, 3158.145832
3692.749757, 3235.975959
4097.009206, 7338.545158
7591.744284, 5452.338726
4576.289023, 4894.263849
5505.635182, 5613.723876
2592.434954, 335.255374
3973.067553, 852.836899
8922.165146, 3651.234960
8905.941105, 4826.340813
1315.592816, 8329.653738
4102.544959, 4465.748427
2693.424935, 1108.947413
5569.081863, 409.195135
4217.586717, 4896.941065
2917.542948, 9802.884213
2967.992854, 6264.290894
8088.341651, 3964.195840
8204.444546, 2760.554006
2638.588857, 4278.420437
2140.228450, 9844.553482
5914.984986, 3949.792956
7862.268163, 49.282873
9896.248547, 7756.223856
9793.845515, 2495.953231
6114.266098, 844.397367
7167.719407, 2855.837382
833.732742, 4537.693925
9414.976552, 1673.917331
1832.994553, 9573.677401
2893.883324, 6133.557766
9816.430367, 5279.204495
3076.723754, 2705.337967
9579.637327, 7828.608021
9732.732398, 7923.484217
658.096482, 1709.174816
5814.629448, 1066.761954
2747.552359, 4466.067761
4667.569637, 2238.559532
8961.869370, 8751.467816
4299.051087, 7998.748412
8941.199924, 2260.049713
7364.492740, 3458.997610
8705.865216, 8225.701951
7051.323272, 7777.686501
2946.672046, 7513.044681
9802.189990, 3711.770741
4489.968436, 6711.873017
1985.919624, 1203.793333
7961.512968, 2065.376479
830.340667, 1128.795198
3322.723671, 6551.824051
6097.492993, 4146.449732
1579.226726, 4581.233152
6997.818599, 9430.645895
7089.270644, 2680.428588
7627.612562, 2136.989618
600.551940, 9885.984826
7604.799056, 5924.398052
8955.878781, 4464.840782
1544.112283, 415.758304
4495.804678, 1812.639423
6449.157555, 3984.369731
1754.989279, 3526.475409
3264.801737, 8625.578532
4769.471212, 7131.605250
1256.564781, 3081.895827
504.829360, 7946.410231
7516.329964, 5825.494297
4108.275844, 5131.220642
5378.748491, 7224.851007
9002.886528, 4906.757789
7998.276820, 1627.667706
820.703391, 8725.771575
3791.963417, 996.406995
8997.198210, 9616.900819
5481.236190, 8030.694408
6199.356019, 375.538459
412.801827, 8583.569001
2931.786975, 8022.956801
8475.215340, 1797.622687
3944.293226, 9219.589799
7853.911005, 391.173327
509.022401, 3925.253652
1780.764323, 6158.620365
4448.963255, 2258.598977
6224.324343, 4446.252517
4489.179509, 3828.357555
8958.418892, 4912.046611
737.275562, 4119.678971
5814.742442, 1588.405976
1067.106443, 9778.830871
5931.205922, 2687.638988
4094.772493, 8506.632851
8404.018282, 2584.816490
8341.010218, 9311.559840
6542.048188, 3225.686151
343.565199, 4876.436419
7527.478730, 8752.476497
4829.339035, 1666.467993
3706.191163, 2576.568547
2069.274684, 1978.141220
4580.638730, 6810.171085
2918.358367, 5930.234619
3565.168071, 957.164972
6047.825589, 1226.548548
8865.432973, 9142.907951
4320.456084, 7319.110168
5435.863062, 3245.857043
4597.837560, 6231.679520
5432.117945, 9101.781261
5905.268738, 9584.467007
9729.340992, 4734.558006
3601.179732, 6177.718541
9975.965858, 8526.100857
6183.878326, 9090.529120
310.556127, 9597.260840
9121.225452, 8171.992370
962.077104, 8438.993182
8814.840401, 4468.245478
5756.681756, 2040.949444
9482.756798, 2737.060132
1113.323956, 5874.799199
9728.501865, 2206.981008
1140.040650, 6958.205508
8455.203375, 2654.511935
8370.800095, 7219.669509
7439.455367, 2447.042447
80.673127, 1495.110311
8865.582574, 3118.292593
3430.848429, 6001.576694
9182.930276, 3893.597098
5607.362663, 3197.052494
141.012759, 6502.362822
5803.908714, 543.178885
4188.772414, 7032.169374
6391.510124, 1108.516021
5601.173446, 8376.258977
647.679137, 3648.254207
29.227465, 401.964393
4518.003374, 6456.304999
1586.104137, 8221.340097
5757.874018, 2976.827769
8834.964400, 8105.094603
231.165273, 3488.136323
8387.770027, 7797.537944
2993.162142, 8198.790158
3593.192215, 5591.523761
6931.293012, 7803.333163
2593.046182, 4801.953027
7216.394991, 7194.029615
769.112815, 5182.175928
5039.379433, 6349.866175
842.076633, 5338.337444
8486.604440, 9132.366705
4847.380135, 9981.492964
3442.170766, 3762.570130
3108.234880, 7157.908454
2863.971685, 3832.100490
1285.552257, 5994.000785
3581.785554, 9298.663713
4166.420320, 3626.282332
8895.139503, 2740.845676
1912.397503, 8886.628845
6496.092780, 6476.851899
2002.091321, 4566.507660
5101.588377, 3745.124330
7442.585270, 1970.615057
7591.167367, 3476.388575
8477.210326, 5608.951724
168.643603, 9572.490655
1562.240294, 6446.856129
4666.202845, 8010.187621
2417.512409, 8631.394369
5217.084746, 2406.732420
4952.179924, 2925.950249
1129.094508, 8540.302098
5541.146313, 3842.908418
4730.196530, 1797.076755
1745.532730, 4403.477108
7345.180902, 5553.378195
6681.722088, 3329.290616
7104.411064, 1908.037042
4941.362008, 3529.631353
5459.281539, 422.905752
9986.014036, 6822.930916
7101.459984, 1217.834774
4968.114501, 9446.206664
5417.906601, 3120.459680
919.045150, 3189.347532
1608.957595, 1900.641618
8275.611294, 100.561707
4903.844237, 2792.961433
2324.790711, 5900.872683
9662.075108, 601.723486
4574.665132, 932.866965
1098.615412, 712.916758
9874.724112, 8553.938946
7429.532187, 6640.282142
8131.525078, 8459.580428
8289.741137, 7803.504871
1843.223893, 5109.493646
8176.173954, 2803.719953
5244.354953, 5062.871323
4144.815032, 9849.690656
936.251819, 4293.653802
5796.885493, 6257.753670
8068.638739, 6499.329152
211.685980, 9174.998824
7733.740837, 8168.888602
7583.013300, 3856.717085
1544.742013, 1755.436509
1688.433400, 9774.997754
6340.122699, 1622.199217
3378.436031, 8554.755418
2767.773274, 3726.711364
5148.069053, 1534.239716
5324.188619, 5433.322660
2557.138900, 4470.845904
5058.181132, 4654.743487
8750.581769, 9629.790142
4916.643794, 7294.259209
4022.957708, 1133.855169
1174.700279, 5894.817310
1166.520059, 7550.046610
8824.051485, 8692.504969
3599.773612, 3616.568602
8188.068200, 1879.298913
6395.906427, 1073.197598
318.043447, 3334.241464
1024.381027, 8947.388967
2929.851643, 5733.144461
5587.041674, 7250.371891
5991.774109, 9887.105124
2648.593435, 499.689814
9926.187114, 7607.696237
1220.945978, 1546.273692
3597.075310, 3300.586654
2110.164800, 5991.119778
2345.615090, 3092.303313
2340.096585, 8655.316022
3430.202725, 6789.989395
3395.612271, 6803.723986
5448.807832, 8961.542564
3357.055152, 6518.831305
797.595335, 2578.505101
7946.332381, 4883.696829
8604.503162, 5579.668031
3020.878461, 7749.093449
8857.550178, 833.594818
122.178176, 8501.299515
7871.054916, 5484.467442
814.620149, 9274.826093
9277.100171, 2253.065493
3266.494568, 9950.951033
3088.941841, 533.660344
2346.787910, 6133.365737
2706.998278, 4209.133476
4072.762293, 3558.863333
1029.751535, 2134.773302
7004.620424, 5712.631074
8586.734333, 1014.238269
5875.265961, 2148.658719
7707.178191, 2180.422090
5885.620555, 5142.449412
2712.043886, 8698.308786
184.868864, 7860.412023
1366.101304, 6786.263499
5117.364490, 5795.401518
8583.071854, 4407.731663
1572.439797, 4628.871158
6579.256240, 9320.680623
471.247268, 3012.550677
2488.234057, 8250.365290
3066.405289, 447.036971
3760.455042, 3725.955130
9950.018389, 7437.541552
7667.973975, 7739.939488
937.497928, 9501.407508
691.370773, 2563.544676
6832.417340, 9542.531967
6940.484909, 6419.711991
2772.811082, 8772.810547
3875.641091, 4955.090570
5766.551908, 282.594660
8555.824183, 6776.774207
6976.973908, 7516.455531
2864.710114, 4448.612672
9916.211428, 9742.993703
1125.280705, 581.189414
6650.122353, 1288.623394
4688.724462, 1800.631493
7507.178078, 3778.953280
3071.546761, 8838.369553
7716.206790, 6095.488443
3957.096785, 9812.998071
8319.736805, 3668.028003
2136.103834, 6670.344920
3615.277965, 4942.293894
3360.203608, 2004.442751
7300.395112, 267.688659
8857.044255, 8886.030770
9303.690257, 6688.098385
3113.811150, 118.595198
732.877125, 5055.948947
4175.887464, 5556.989598
6249.827803, 8850.330866
8190.834533, 9472.343232
8779.486889, 3849.754073
3190.654829, 2791.463842
1687.457514, 1792.892856
959.542920, 7697.115533
6614.589026, 4778.178580
3364.959488, 8923.020944
4480.639514, 1792.504969
7696.853707, 7040.149567
3580.433098, 398.975180
7082.872874, 8001.053222
4727.443016, 6770.035443
8087.273166, 8759.571393
9973.049884, 1760.474565
420.739546, 8018.617885
2946.644901, 9769.377461
2110.092472, 5119.128713
9699.690158, 4099.991021
3725.063008, 6516.141200
8264.596756, 2229.398605
3225.046883, 5436.210803
4276.426020, 3037.724203
5187.678558, 2184.359380
4779.051156, 6394.507305
829.802783, 4886.582294
2254.628934, 8117.081910
9327.340192, 9391.941168
7376.434056, 7471.139573
6112.507763, 4241.485571
6474.786748, 5099.850086
1368.228924, 6414.961946
5463.522800, 9959.820737
9910.239892, 1585.014047
8152.576648, 4699.899860
6838.917540, 2121.965355
89.481838, 3239.504050
6784.562152, 8695.792603
7512.190070, 1416.054335
9159.145073, 5196.487550
8165.021649, 3688.298688
8731.230359, 3035.494561
5387.708168, 8568.923510
2113.584687, 9567.744476
9619.668879, 9357.736911
9536.152997, 4056.874870
8533.823993, 3379.345110
9793.591762, 9649.255912
9944.809163, 8212.876878
5576.040952, 8758.916252
5134.586607, 3031.798446
595.543557, 9094.746224
9396.647250, 6940.938397
9447.126372, 4798.063897
3512.617828, 2171.157366
3347.238016, 7312.696202
5969.435595, 8656.980534
2459.387423, 1310.593356
3194.960816, 5339.282166
4949.121652, 625.703238
2819.948137, 2707.691126
9747.671178, 8608.813705
5852.114997, 254.261184
1914.913672, 117.502035
7238.261642, 667.701974
8789.503477, 1038.598861
4759.655894, 435.398424
9621.635819, 2678.108771
1290.360739, 5921.534185
3360.348974, 6137.417118
5409.195579, 1361.465221
2707.021952, 2389.067665
7104.666742, 3701.041096
4904.326108, 2866.565876
9311.117258, 2617.691770
7651.536252, 2283.977590
1005.272623, 1424.556454
7730.876979, 8527.101290
7593.823913, 2891.887424
8989.615092, 208.982697
4005.092594, 1749.947171
2031.843002, 9867.650095
2273.034067, 8471.183158
6551.568981, 9300.608773
7262.228866, 2961.898874
846.991909, 6114.472965
5598.659316, 226.735593
376.678100, 7408.736135
1765.240191, 5599.421533
6019.865170, 8888.062110
95.219177, 8155.201580
9780.450498, 8492.936699
9285.966647, 142.522807
5338.126070, 5880.148304
2703.483845, 5163.190822
6686.843840, 3699.243132
8456.169520, 8536.547441
6204.020019, 2260.318777
9554.572549, 718.264502
8602.511422, 6814.264098
361.645997, 1443.534238
963.406116, 1725.458783
7126.749131, 2221.507815
6340.743947, 6852.749889
8337.019822, 8792.096163
5389.993093, 876.751222
4641.943256, 7252.098988
5324.835082, 4891.065515
5791.164727, 5488.761623
731.470616, 5097.515503
2864.016343, 2377.576715
250.968901, 2160.694101
5281.234636, 9425.940343
1403.281014, 3665.486527
4728.454054, 7433.501066
9737.297853, 4920.371114
357.729741, 3140.740083
4822.124183, 9321.328811
1659.688713, 2592.966721
7614.605425, 6990.939044
6266.531075, 3312.106604
532.251969, 1124.130347
8522.997440, 6567.753067
7819.397007, 1699.593298
2254.415319, 719.812779
7988.462456, 8984.260826
7955.588523, 2425.344545
8038.882422, 3803.261215
1412.847815, 6358.546454
3520.475953, 1884.027376
8643.122229, 3562.911793
443.299601, 1966.578235
8505.971250, 1847.312410
1585.492825, 1498.528903
1568.073929, 7151.191700
1725.155436, 3233.254649
1346.543158, 602.084597
7099.421088, 8543.902403
2010.600307, 1715.916039
8532.290093, 3118.499823
4848.637098, 5934.186146
2862.721765, 6120.284526
6322.274350, 305.093665
6860.107946, 8035.940712
6452.136604, 304.863693
1380.419498, 9672.692528
5843.529767, 5218.939031
4043.086982, 86.475932
7115.191585, 2781.467313
5286.751751, 879.720607
2568.591329, 3745.532772
884.506430, 1746.883548
8026.247194, 6894.807180
2938.869039, 2257.932719
9485.547597, 7649.887526
3629.781361, 773.170182
9466.844214, 982.987842
8809.907872, 7898.477063
5141.989213, 8975.575405
9407.821176, 3374.336843
9623.439126, 4050.957227
2926.271861, 8725.226486
6914.165268, 6233.322635
2042.175703, 3143.990116
6556.524451, 7392.988923
7840.899474, 30.595684
5685.083870, 6004.889863
9886.314212, 6155.535760
1337.073241, 1844.089415
587.774329, 7472.370920
5906.540046, 2670.082660
2243.173528, 6950.365782
5937.586097, 717.120402
2688.431511, 7894.271596
8512.274822, 7748.618499
5824.713644, 9992.278155
3309.678629, 179.879854
2655.186812, 137.574307
1700.973171, 5392.490108
2671.655670, 1905.561520
2328.000555, 8278.182831
4385.741197, 210.831256
2782.992280, 3026.578843
9411.899730, 4568.589251
8165.867965, 5952.208249
2899.756017, 115.372465
109.145482, 9324.548330
4262.831889, 5789.073261
4489.931268, 7251.301499
6571.365300, 477.333440
9943.028154, 2801.277133
1426.497609, 9196.498094
3261.239484, 5411.243174
8760.913161, 6505.101166
1608.535948, 7468.346698
7583.438804, 2703.490814
9379.150885, 6395.320018
1127.284885, 2583.572552
6308.747129, 3139.374249
494.554231, 2490.569700
3252.929092, 6229.172612
9699.634107, 4793.141145
8272.301759, 3978.938083
1382.322105, 2455.488531
8881.347741, 6922.193483
4806.377365, 8606.071424
3971.720795, 2619.195419
6848.389253, 1237.003843
5476.949926, 305.804474
6442.137612, 6822.056991
8010.744717, 2046.383721
5972.668911, 9457.245392
6626.226911, 2401.005909
2675.633625, 692.764795
4124.490779, 1996.645331
1159.601572, 3726.149851
2208.030991, 9011.018570
5385.080471, 3731.808596
308.356739, 5238.336166
6248.755656, 829.095137
8929.449840, 39.332047
3776.450516, 3390.593343
1874.647805, 5323.231469
9127.918860, 5966.704403
4210.657212, 4552.899219
4423.846947, 5830.719192
1390.162316, 4617.302858
105.148079, 2770.058437
3363.634053, 8337.623024
7352.683800, 2171.980281
1509.478847, 7189.329915
8772.599091, 8169.872245
2815.159828, 4492.440528
5950.858059, 2973.884771
6524.330199, 5827.720380
6222.829478, 5734.383978
5317.010709, 5977.502969
849.233084, 240.784470
9617.336793, 1444.356417
3127.204469, 6296.463550
7336.993939, 73.958520
6696.136241, 9518.426269
8628.527187, 3842.949974
4133.010219, 5260.750321
7263.352641, 164.319765
3043.140233, 5432.276111
2886.747372, 6864.052593
1873.395445, 272.308574
7604.517656, 2446.580348
583.134186, 8078.450837
2817.330661, 1186.941529
2516.537778, 6817.785849
884.186424, 7791.699408
254.954406, 6647.845269
9029.316512, 5034.818863
986.677524, 4333.033785
9915.238835, 438.487816
151.629269, 1014.969630
4171.689531, 9668.859627
1950.485001, 6282.026868
9580.916026, 8547.897853
392.598245, 5741.833109
7325.982865, 1906.943392
1616.728016, 2353.989968
5183.416771, 4029.813632
4893.290702, 1798.094652
5315.751280, 9668.973748
8691.598312, 9417.753853
3611.050604, 5587.615694
5116.272394, 9073.973662
5578.399988, 595.209838
1335.260841, 9178.427706
4443.628117, 1343.431445
9097.921127, 8013.715778
533.827533, 3225.526555
3769.482796, 1759.193770
4409.046795, 9727.759367
7038.551493, 4214.464322
1990.623564, 2796.370880
4551.921884, 1091.396412
4306.012834, 1918.167441
6939.841392, 8748.021246
5208.076157, 1700.474462
1831.323041, 8256.054992
1300.466851, 7194.532423
3146.595986, 4852.766151
2355.970693, 5370.229896
9622.493102, 7074.643847
9367.912473, 9334.805433
476.551195, 518.944618
7921.855655, 4491.120625
3422.135375, 1244.696931
3720.812526, 9915.931680
504.838895, 2577.389850
4047.734359, 1978.587028
7982.818213, 2569.512366
824.582042, 4375.568587
1716.772817, 3366.611105
2273.252458, 8761.914983
