2000
33.465757, 67.799980
748.413214, 432.999163
352.246621, 716.794932
395.183529, 958.405982
361.135465, 997.047217
376.648924, 888.338541
910.623102, 743.105567
531.381936, 652.891586
10.644437, 599.687468
198.108559, 56.167390
389.717096, 987.776662
717.960245, 923.844525
630.333009, 868.247381
830.961904, 353.689138
382.963007, 959.583243
983.648230, 978.209408
187.906818, 827.470787
584.411558, 364.207079
815.360323, 867.593889
370.429015, 676.314783
959.749280, 610.784023
429.043232, 481.816849
778.220743, 810.889089
254.918676, 526.273216
903.193850, 264.262702
188.348935, 675.881058
307.363341, 195.541737
796.215679, 724.419735
846.476638, 583.065814
195.517643, 507.026740
388.692630, 631.104077
684.130532, 501.282477
128.818076, 715.037269
247.085077, 370.859647
185.179541, 980.976580
287.064334, 828.658894
944.650135, 943.551608
242.604915, 827.571684
834.658911, 670.906448
975.067723, 387.508104
261.257416, 752.972785
530.859396, 45.279984
421.218486, 264.094907
191.313192, 498.349416
812.552119, 927.375694
729.567607, 21.022054
692.017875, 750.895055
452.097909, 647.049882
410.307094, 582.007573
409.597812, 377.566611
888.016621, 862.208290
144.305719, 963.491030
871.908653, 878.146499
705.063236, 955.880094
827.376500, 12.130408
341.862902, 767.611271
857.928955, 195.791531
40.503980, 895.267149
139.636139, 223.696890
276.066743, 392.689400
798.065058, 208.094904
291.916098, 687.345796
605.506514, 859.600221
805.667738, 903.682463
648.979981, 325.895446
630.816457, 56.940452
752.736471, 456.556212
969.449241, 575.762407
624.566137, 270.569767
692.935849, 550.679731
441.347767, 750.022063
873.593188, 348.203613
881.266384, 990.911134
877.493236, 164.838240
275.471211, 735.564991
678.805353, 934.020153
434.673053, 200.975778
87.454646, 602.393039
781.048208, 897.139510
454.428056, 586.806963
25.983980, 129.278853
644.386951, 194.911221
202.052795, 671.797222
589.279209, 405.396893
85.882545, 531.138401
839.401447, 768.784140
818.460045, 990.461244
950.573193, 58.835524
450.301853, 547.974889
327.633460, 380.454905
937.300500, 290.803898
864.021543, 283.307856
321.978622, 83.524639
32.224363, 666.988327
592.476621, 199.566830
297.330723, 652.802225
710.263020, 23.037308
500.886676, 182.008670
389.113597, 316.609913
754.888439, 849.101777
462.666477, 872.673882
683.169143, 246.323976
653.477089, 182.104238
908.423699, 398.755825
773.029179, 646.534713
258.252641, 579.804137
680.408448, 599.282983
863.816816, 406.932162
111.985808, 424.388637
157.135844, 52.422484
485.736646, 322.603530
549.573344, 874.808081
72.686466, 715.162723
6.657962, 568.393883
56.275762, 146.577187
544.545945, 291.795569
509.052147, 977.412018
447.529017, 434.021757
857.774077, 109.177595
130.898173, 462.076857
254.746052, 697.858035
64.809039, 500.407819
2.387667, 186.572652
135.236648, 914.688504
992.171507, 758.775951
560.939464, 440.670348
178.235561, 966.643503
551.466894, 601.319446
77.695682, 467.008293
898.844659, 772.516467
854.613188, 354.171658
519.255563, 979.756470
818.831593, 522.448377
525.722811, 367.429988
616.419969, 757.575166
877.820531, 171.997343
482.246865, 408.107294
626.280749, 97.810679
4.270115, 895.705406
569.595045, 29.835208
642.474766, 775.088983
341.835869, 524.899505
332.603541, 117.825028
90.263198, 243.745701
312.207652, 202.334215
92.005363, 456.236656
342.449372, 612.668635
880.422335, 472.092647
135.653231, 188.457296
14.812591, 676.392908
713.395507, 905.010713
244.466725, 233.704433
812.381863, 51.904629
561.477903, 347.186221
626.098513, 935.417558
740.735671, 33.926567
555.345753, 875.893318
699.050551, 636.339104
866.596002, 616.235672
192.743692, 636.453095
41.227390, 895.710142
405.304346, 434.966162
366.566140, 974.880203
51.947093, 48.452061
368.563282, 416.104783
392.839714, 748.893589
98.171665, 719.433893
337.063630, 53.681131
827.539120, 450.813302
672.347622, 221.938044
859.247883, 960.616488
674.496020, 324.550167
958.230487, 196.561775
33.370233, 81.239268
437.430855, 872.731268
676.154769, 528.495920
966.077032, 635.355110
64.389728, 602.938063
537.231386, 625.877767
890.723575, 368.168767
919.529566, 239.238087
938.354713, 91.170340
79.306651, 879.421421
198.602508, 950.449405
988.602473, 185.292971
370.897832, 225.648201
130.392447, 312.839447
107.790105, 920.902352
988.305225, 874.854781
857.055863, 33.389811
103.915808, 398.581007
757.240573, 130.633338
203.935133, 7.188604
168.642444, 267.191049
871.258441, 677.376844
334.048084, 772.860070
704.942573, 918.103727
93.081022, 735.845281
823.366415, 386.871453
743.964633, 567.180901
276.183945, 580.221958
318.104031, 432.543275
247.377874, 948.330879
437.496743, 557.867571
24.392870, 495.546328
498.265800, 278.420486
107.766565, 46.929675
418.994664, 346.621906
15.833465, 310.655779
981.301934, 740.733389
487.668697, 215.507495
913.967476, 136.587522
935.780235, 463.389342
348.815735, 690.767989
761.831965, 44.159030
803.833258, 221.857615
429.236768, 275.589688
456.255458, 915.639283
931.983419, 476.425438
49.036165, 923.977090
835.553598, 443.388897
872.458964, 69.577353
312.910841, 427.253247
382.771192, 184.300915
459.509196, 10.043901
989.930855, 63.218979
416.779132, 356.890575
368.704350, 67.884532
474.706753, 133.697697
489.751015, 79.775662
130.121973, 258.832011
43.055141, 475.307961
419.655974, 62.370663
411.289704, 898.828491
532.068878, 633.857293
102.396540, 616.070936
885.930924, 549.362595
227.982646, 579.063097
588.936575, 664.197157
582.366876, 326.715271
816.127739, 351.698724
135.956824, 338.749996
588.328940, 896.380082
461.684714, 311.058304
588.093560, 957.757809
303.886517, 183.953346
234.940047, 584.047093
131.290071, 959.566580
609.899267, 540.414220
639.623105, 881.896621
914.643879, 419.570802
715.415531, 302.459662
742.329624, 427.305928
72.741325, 647.637570
129.070428, 525.795644
574.166955, 741.741639
910.831618, 178.089188
187.903729, 95.382778
457.197163, 683.941443
822.369028, 170.788610
523.757772, 179.928519
378.475505, 874.847935
123.820570, 326.575937
316.483293, 184.342742
650.402660, 72.275729
886.746325, 64.155816
907.984904, 220.142300
650.239489, 122.902826
96.062481, 783.850152
769.425802, 503.058693
598.360406, 888.398245
172.056374, 884.631120
742.832331, 564.507753
695.954519, 410.267015
5.846434, 273.813725
621.402370, 499.801961
65.138956, 638.363663
903.346379, 281.977635
733.753491, 233.030087
435.057645, 35.691850
615.111689, 440.730446
862.521792, 939.571358
465.371653, 178.486356
298.089586, 656.313497
160.696124, 973.248825
434.536585, 179.163489
813.897992, 26.005069
940.260923, 864.834747
396.713505, 862.351133
474.923421, 731.586898
350.343773, 390.070442
157.433083, 815.565721
356.229987, 463.020842
837.702558, 952.882623
176.957331, 43.608535
680.844102, 676.740100
207.766600, 259.892646
670.233471, 270.868223
779.651124, 786.183798
703.102163, 86.640125
106.550215, 251.110339
187.370729, 677.726286
123.666987, 393.841481
288.112253, 631.640700
997.717339, 823.843753
644.910818, 812.166291
868.769681, 690.555351
746.342797, 77.856942
321.185627, 443.824235
174.235798, 541.303279
886.125300, 131.852146
436.665567, 762.237047
878.920323, 117.680981
175.696741, 810.285601
39.687399, 390.418437
445.716795, 414.977033
892.934095, 981.142967
540.614027, 918.843128
633.635263, 79.585618
162.253809, 182.997396
644.447194, 764.717639
646.167496, 695.228944
436.960064, 468.566855
54.531362, 501.382540
961.144115, 250.024111
114.265070, 230.790098
745.140449, 365.053461
338.560550, 908.299566
78.049607, 287.620873
769.937543, 170.088630
233.839601, 885.376252
944.078852, 886.076277
204.304932, 106.396063
142.145212, 598.041563
361.792291, 980.253236
625.573052, 116.944418
557.260832, 48.170888
427.080309, 369.528093
146.726630, 200.515927
128.253717, 61.899828
264.390074, 388.910489
951.662355, 742.116535
909.961270, 159.065956
623.867481, 627.728904
206.966143, 510.900577
347.670820, 545.181586
623.613904, 186.058719
223.797680, 171.461776
206.304614, 351.771282
722.052989, 502.529690
886.733296, 438.783228
346.576041, 970.679235
485.363603, 595.705769
934.871017, 566.719774
84.947047, 804.371566
931.958566, 402.687589
594.084751, 573.953778
876.770949, 434.200269
369.961883, 751.520140
643.462593, 495.535401
37.475144, 837.468477
441.864781, 167.772439
219.570795, 632.062440
979.540860, 997.681644
620.933584, 621.672538
67.937054, 920.604150
176.377305, 702.019939
790.422122, 124.387233
700.813894, 697.587332
802.056081, 487.743350
378.262714, 225.130121
34.657633, 712.587164
645.907065, 707.672902
103.037541, 692.699294
565.750335, 502.165817
652.316729, 915.197374
409.891083, 45.133282
552.093712, 642.197138
659.376244, 362.371037
55.165449, 172.275151
380.061103, 133.476138
995.371400, 673.090048
762.481431, 297.069903
798.768615, 734.777442
740.391098, 975.551842
992.519829, 485.461461
132.671458, 307.855856
377.997116, 776.564056
840.946693, 996.093495
803.687009, 572.409983
253.400160, 985.930301
656.817871, 585.046815
871.962636, 535.738181
565.583428, 431.342988
549.615949, 426.827608
350.670732, 8.992232
972.619198, 429.283459
947.630326, 564.292858
697.822476, 101.088613
511.236994, 200.768000
157.211406, 906.323771
302.066021, 619.785520
171.625311, 536.026427
475.263413, 993.611794
259.751224, 451.610513
627.201785, 655.791532
95.828722, 375.762789
279.982529, 368.586429
442.269577, 570.126448
266.989774, 183.983568
749.008023, 33.986538
958.970187, 400.041568
141.000220, 780.762399
48.898165, 405.323075
518.496806, 87.376458
662.267593, 391.017119
977.495322, 600.295254
712.862926, 487.629099
535.134584, 842.627767
909.455835, 472.347534
649.662688, 42.537570
413.384510, 980.854263
42.128001, 817.405024
755.051833, 368.676975
38.669219, 114.280787
373.906253, 629.909034
885.912669, 610.596768
550.943772, 581.345387
960.065969, 509.941174
524.743234, 730.003816
814.700105, 943.021749
885.732798, 820.644155
974.104356, 684.250013
508.463611, 946.223143
187.251106, 988.297309
334.666998, 839.752209
73.657291, 134.290963
452.839307, 1.885948
213.792870, 458.256169
96.962214, 185.063742
464.162003, 426.476807
737.952732, 494.177628
300.471330, 941.305147
745.911610, 517.817316
568.860735, 120.605277
719.331070, 474.459739
791.899678, 304.322009
316.179556, 924.463281
392.431489, 900.859278
177.494915, 435.619201
283.409941, 964.598265
692.985731, 578.583038
234.986231, 823.053875
32.617048, 25.985535
915.309706, 849.386913
650.846171, 129.977216
509.086442, 271.619099
179.108164, 75.119631
881.352577, 443.411330
438.262393, 432.015608
511.365552, 155.711444
927.185988, 528.863389
750.089842, 288.148860
726.635632, 559.561767
329.885561, 293.799738
284.630218, 817.067145
625.103905, 941.193971
577.412523, 74.135778
452.652994, 744.296732
324.383324, 757.045524
105.746979, 232.281211
451.867543, 280.853030
531.945314, 181.457869
923.007593, 257.034104
303.726461, 657.470220
886.723208, 859.358403
171.532212, 573.317196
8.802619, 970.613969
138.365925, 63.182597
965.719788, 428.348530
624.904223, 324.208425
573.166729, 53.136271
574.248248, 970.252482
532.199729, 908.536543
304.127083, 658.677254
451.380857, 757.441743
127.508515, 708.046008
186.164704, 767.665525
94.328749, 725.662734
170.991080, 995.698216
564.194951, 844.944302
665.300295, 427.148503
483.801489, 88.372703
189.682763, 79.146332
146.401677, 494.153977
308.868185, 19.154211
553.126584, 77.754356
764.614446, 240.690660
152.445211, 376.979692
180.559236, 5.999402
722.333781, 133.925398
693.976797, 285.621013
984.572584, 869.396531
76.951257, 360.738411
208.950907, 849.563086
55.597694, 578.247327
657.155140, 195.857709
687.013449, 350.251529
740.479117, 130.333764
269.440104, 405.765476
397.027606, 892.641213
972.168461, 503.517799
160.864621, 483.262823
893.350994, 703.394671
90.362660, 164.192843
196.619138, 256.196739
929.420826, 29.514816
653.499204, 261.489123
244.266765, 277.906512
206.116601, 304.329175
833.969680, 80.457453
234.033417, 249.857066
904.937805, 49.795029
832.502849, 362.836400
970.422508, 800.791812
788.775852, 75.157318
225.561904, 281.400475
168.986710, 443.588640
950.492103, 365.592346
982.785556, 106.636543
972.605700, 230.086011
531.133385, 568.968995
744.946079, 297.690977
440.737423, 409.363252
71.940284, 113.969098
461.721484, 991.078446
990.141264, 231.975541
771.895061, 811.912544
538.775106, 568.487609
70.361004, 54.853302
314.437235, 640.148001
818.180951, 22.399369
828.817919, 160.225911
352.498967, 827.867014
132.329049, 930.087649
139.213436, 786.934442
171.676116, 782.682323
411.348436, 23.470040
281.305606, 599.248020
907.762257, 721.784821
620.256512, 149.909027
420.016272, 647.753798
414.687903, 169.620588
426.808653, 433.612761
680.441003, 170.867694
444.145909, 785.664717
920.882977, 551.536171
80.015926, 906.392245
894.127109, 368.040170
384.218556, 398.137752
388.473441, 444.460159
264.403171, 790.409184
664.928922, 307.309596
643.900721, 375.581237
387.117706, 99.093433
310.020960, 231.402158
93.943755, 980.774358
282.788254, 847.171244
235.097514, 405.379978
631.546172, 492.160724
188.375976, 849.472639
275.061480, 1.160640
956.808312, 454.595171
215.333181, 992.625385
975.109112, 420.194896
793.052732, 907.383658
849.232264, 216.428229
710.037871, 529.344613
969.373394, 910.659249
734.190048, 444.024725
845.269957, 732.589899
818.614736, 715.899805
798.200633, 82.008023
79.899029, 156.466752
51.528801, 525.873601
508.641375, 561.582216
690.537337, 49.348688
823.494656, 424.990320
123.431517, 556.338523
102.805616, 129.410066
667.213780, 16.041726
761.737571, 427.716950
4.169721, 951.949853
571.326714, 220.827399
107.281250, 405.210274
171.914131, 996.626052
333.228142, 101.096031
580.843699, 136.233721
839.901470, 483.910996
194.911851, 221.777352
622.368291, 248.878601
980.624076, 532.407630
134.423815, 918.431181
225.297798, 173.744667
692.435923, 834.150755
371.133760, 225.779012
692.665572, 783.886302
419.442889, 416.908821
153.662010, 636.151635
663.865478, 133.335562
971.673258, 145.654143
743.920442, 912.874449
678.187958, 844.737135
167.709285, 367.806823
509.040619, 285.094117
925.831735, 899.081747
538.418887, 487.674379
500.044288, 563.889190
281.312287, 249.708907
589.059110, 893.135319
339.114448, 916.808763
309.171886, 307.361432
336.628424, 162.549621
87.135875, 324.568621
694.384959, 112.238651
622.850425, 547.606411
44.079736, 108.360458
17.092098, 52.376269
303.487150, 874.712918
781.538110, 633.971992
388.899921, 660.810813
339.474556, 17.643222
235.616656, 15.507914
83.201270, 673.735517
83.681660, 508.634239
40.955353, 47.902808
269.282767, 92.744706
837.427980, 738.195950
948.133909, 666.170004
9.030027, 394.732320
114.764829, 218.819604
439.821759, 418.291908
307.757417, 106.948123
542.241392, 582.510121
123.730297, 557.127616
933.463718, 744.915822
829.375300, 802.192143
510.085526, 261.868310
382.277147, 358.650024
36.028567, 630.295434
881.508507, 966.342176
838.888949, 809.153929
166.250810, 371.764883
743.418580, 845.529066
322.635323, 885.558021
390.706904, 897.443632
961.692425, 524.560769
253.146051, 126.621635
908.364939, 430.298445
838.286241, 775.182468
919.902536, 67.919346
88.924850, 89.356297
854.831933, 598.290694
600.395079, 843.411567
331.763672, 873.514323
910.169437, 497.790367
47.475271, 214.446365
308.571254, 141.699010
844.550067, 871.974309
260.295898, 762.897848
219.183220, 649.973676
829.632017, 949.831942
899.075763, 934.353677
596.293291, 158.097416
296.037384, 629.223821
771.374256, 93.495813
871.697736, 869.372488
483.614938, 600.368972
891.444208, 699.847967
506.563615, 756.354728
861.015555, 959.816828
753.528779, 858.185299
190.214579, 39.424109
908.429557, 597.515836
44.485283, 618.106609
816.857333, 341.630486
44.798181, 420.621324
627.775820, 270.641501
788.923440, 262.641018
599.533465, 13.680793
640.353148, 733.205075
666.587769, 427.136044
210.664543, 268.534566
383.193836, 335.338753
432.354907, 245.130138
928.408718, 840.667490
561.019286, 514.165229
799.740908, 49.881069
228.567754, 538.425604
95.788915, 419.802902
116.526613, 692.654695
87.870888, 812.522210
643.258534, 5.819464
210.043182, 489.937559
909.297503, 203.245024
225.335626, 747.700027
839.931514, 507.470105
539.181824, 289.217718
295.284227, 50.094264
772.756709, 393.061861
170.549186, 46.601289
104.991995, 904.701691
571.813127, 293.266281
443.685613, 655.696340
684.374714, 51.097463
382.918586, 65.487997
911.842279, 503.099732
937.908445, 77.199802
707.810078, 114.463743
337.785687, 501.155841
187.156953, 940.360900
453.504606, 400.498962
883.076243, 589.230676
922.515583, 781.009459
6.360218, 30.930879
278.126821, 971.529267
75.650249, 420.385714
425.574532, 212.086590
603.923174, 989.705860
266.972612, 465.421119
115.488479, 824.984384
328.765910, 511.955168
3.674899, 71.537540
412.814798, 259.193765
855.871554, 332.820518
968.620146, 444.858788
72.302623, 303.559916
624.918101, 111.524287
989.627901, 55.079535
171.909487, 171.652441
761.773868, 943.503963
144.247552, 534.582932
490.687514, 308.197939
907.513945, 287.334485
0.592281, 53.069028
239.932567, 365.412041
470.670297, 640.226659
853.010443, 779.518612
496.004005, 816.766859
355.063028, 298.468140
902.068794, 896.523781
224.137504, 962.896526
590.380169, 856.525264
624.749473, 462.269334
779.841170, 280.296324
53.508767, 648.349407
862.795916, 657.913815
349.599531, 497.577636
581.156314, 38.380880
295.059345, 442.890814
903.768340, 123.840406
812.760868, 919.124117
109.425334, 339.607264
752.797114, 949.098106
359.190655, 646.621878
516.072697, 664.446926
122.722446, 767.041599
506.264408, 368.335406
778.291169, 374.677455
545.472937, 823.473639
466.192497, 27.328899
789.551775, 593.150443
219.141598, 39.967391
445.786953, 272.196874
864.102217, 71.147131
900.049633, 749.978295
359.458902, 715.841293
891.286331, 138.935359
170.030142, 49.852881
522.834131, 795.230038
126.246827, 702.763823
240.987619, 837.939644
139.411679, 115.293678
247.846287, 999.278669
904.669218, 679.783250
985.637735, 388.868661
618.834505, 265.630674
602.787335, 782.062573
269.382899, 267.827156
238.804647, 283.006281
417.719422, 658.646189
853.096416, 853.108363
349.976443, 358.684768
338.471557, 448.029965
304.683684, 112.601513
118.692122, 80.522562
126.337181, 615.031957
763.228695, 668.270683
589.814164, 758.000281
586.785499, 398.052491
986.608588, 5.086108
729.720579, 587.562065
408.422713, 27.189446
773.258920, 830.531639
280.506547, 481.342885
84.200742, 857.624194
898.584541, 999.235234
975.287996, 769.383396
344.378997, 545.422406
379.512666, 414.675187
364.979234, 77.575318
298.950419, 271.504148
757.708092, 823.855353
189.650270, 833.822617
157.330718, 556.237908
613.093261, 420.522001
758.128437, 414.326264
450.176720, 903.830237
192.725309, 237.732041
249.117413, 516.018492
85.920314, 988.854411
509.018737, 367.284487
562.226413, 27.565477
731.641791, 327.649077
109.829248, 473.575556
837.610663, 198.806014
414.253276, 75.798716
130.131571, 331.884847
244.040198, 729.006044
521.072409, 311.971560
250.647735, 112.739341
845.589760, 834.782789
434.575445, 927.651377
745.720722, 686.968424
298.534778, 510.733210
130.065602, 746.988385
189.422708, 681.719927
66.294848, 709.246107
32.039437, 83.697031
958.822406, 97.505238
509.975860, 994.806361
382.079779, 52.908086
976.802753, 868.849411
83.682447, 758.685888
292.534423, 768.354754
398.858437, 466.208899
879.747933, 756.055442
189.125862, 423.003384
47.676864, 688.466755
59.942662, 86.630050
426.658847, 61.932997
313.467986, 148.983817
531.844686, 129.765557
88.406362, 537.480814
486.467986, 713.379619
930.540580, 989.342035
896.132545, 871.598406
331.404864, 985.081767
243.421071, 413.379083
279.260969, 466.490550
404.500740, 274.873693
473.351252, 701.770419
87.457232, 984.239296
380.576220, 967.083557
733.452355, 554.002955
898.776642, 729.507347
124.404068, 886.407958
923.430855, 368.849274
398.639316, 386.790933
870.384032, 977.899125
130.692317, 754.309105
376.619672, 911.172485
803.412155, 361.021913
864.505539, 195.416595
979.459536, 700.693209
438.707200, 745.009163
861.545377, 593.839940
180.071852, 890.860737
876.726146, 590.167962
700.761892, 382.963328
763.723509, 566.578199
98.463928, 532.104851
859.046122, 822.571566
645.689339, 890.302183
660.093913, 68.064961
385.397565, 724.336646
591.695215, 960.877865
829.526837, 913.063654
794.249717, 334.279496
375.612852, 245.523394
82.432049, 884.760474
173.140628, 31.419803
710.999316, 591.591997
793.620479, 889.099050
15.360949, 712.001255
813.268699, 131.336892
185.605375, 814.596539
77.860361, 658.629168
435.140955, 661.444479
681.191802, 989.760470
930.091056, 875.183630
961.396716, 550.591202
900.687394, 280.231782
351.606505, 837.291932
481.583980, 654.637297
199.927341, 756.040261
140.009048, 708.810130
407.104342, 52.173001
750.149882, 362.866077
733.300415, 510.715153
950.622750, 860.497495
704.575510, 360.875766
49.042282, 844.545157
633.305174, 164.775682
808.112375, 360.600618
938.804789, 905.285149
156.433779, 305.871184
280.452024, 52.455877
419.257988, 237.942902
254.052428, 934.279362
731.304328, 356.236196
614.163467, 980.864837
272.538171, 309.746662
729.317931, 365.710800
324.209104, 793.752492
336.974553, 598.239728
907.044577, 170.019721
735.300356, 274.837107
108.374986, 383.857082
92.114727, 267.533593
664.631802, 370.654529
792.698743, 899.800214
749.658562, 135.114640
186.758575, 881.598291
460.014771, 156.651712
73.589082, 891.305615
463.904006, 689.330098
146.083539, 19.136681
224.000374, 177.601141
998.511111, 320.237358
9.443069, 740.869499
650.530019, 409.260350
382.846074, 973.585742
789.885917, 953.052966
657.532800, 412.988035
558.412600, 636.969333
92.995618, 587.365976
72.906775, 61.587555
206.359971, 681.139647
591.219028, 76.322819
384.480959, 73.533397
966.425768, 86.459533
199.147721, 672.809027
331.890445, 345.957015
580.873377, 861.321106
773.323907, 136.492554
383.597232, 716.260542
171.717058, 383.159452
602.603211, 348.650887
184.750981, 304.133163
409.651958, 354.279094
780.858181, 526.364305
910.130313, 82.155297
967.471578, 138.138411
551.541258, 360.291105
781.616814, 581.323740
216.550934, 132.180991
996.103870, 97.109610
901.034008, 107.198259
569.943753, 673.462183
481.845001, 710.302939
343.947205, 84.829998
222.120952, 599.634946
686.902675, 873.461614
794.012013, 930.880146
804.604597, 886.257055
50.187068, 249.733434
556.938730, 126.399649
635.654686, 579.895898
390.362908, 780.469046
794.331260, 780.538457
781.312200, 556.362184
758.253748, 243.055566
303.301313, 809.377348
767.202085, 51.152450
393.131255, 623.697598
141.266157, 546.303577
362.118899, 442.422288
675.628557, 145.489983
724.861411, 263.425927
415.928431, 43.349914
300.084143, 774.255789
219.583603, 689.657863
562.390608, 260.085549
117.519713, 569.605043
16.736955, 422.458996
828.927863, 245.097595
266.123930, 812.496475
931.802960, 146.912615
175.383154, 487.534517
495.253498, 486.429466
615.031380, 471.287817
111.812631, 499.235204
575.948240, 527.423080
868.393357, 717.684512
421.479528, 36.206186
140.293460, 946.413907
402.284708, 360.307576
630.942831, 840.618953
229.218771, 83.996057
2.995729, 20.687746
821.601072, 656.752452
417.522046, 631.213760
893.451545, 636.593645
313.036453, 313.177458
255.215245, 987.126177
163.337526, 311.803221
0.197398, 848.233056
215.675452, 414.529097
728.817508, 705.446376
929.428088, 157.195451
501.337533, 500.378743
35.371016, 911.040677
761.391362, 162.254264
236.369317, 709.089163
823.387461, 779.467473
163.468752, 501.819094
725.824534, 940.486231
913.023287, 590.986687
460.063586, 120.114679
773.730813, 942.941252
447.144616, 849.779689
82.075003, 325.144623
386.338106, 119.815366
715.370413, 215.202913
673.307582, 199.415825
170.590425, 966.007434
835.441852, 947.148245
946.236593, 998.124986
577.150400, 116.463703
276.602397, 235.172423
107.178025, 730.441038
677.654480, 2.750419
922.033813, 338.783817
457.408264, 307.585901
991.385870, 767.978836
343.738399, 631.424043
648.470183, 768.641204
15.374633, 267.404184
780.872218, 239.382835
342.192582, 428.370820
763.494234, 905.354001
97.764547, 481.019429
486.889470, 334.948447
518.437999, 571.214041
803.712549, 729.929953
632.413731, 330.434793
264.458192, 635.226716
836.759554, 335.062754
187.080062, 540.568432
953.410690, 743.965017
621.801260, 459.638625
323.728808, 356.922227
831.384125, 725.397348
416.572921, 531.583781
610.543934, 99.818745
234.235553, 118.712456
6.174415, 498.113956
20.784504, 317.258883
761.262163, 334.877964
190.883328, 871.358068
607.278169, 8.794548
131.197651, 69.173011
751.415115, 248.980378
94.091827, 849.538028
306.558793, 89.868196
82.362181, 435.428776
108.764723, 98.564838
812.553707, 104.737596
858.607793, 35.518469
194.743907, 58.293689
576.833645, 798.084072
439.586838, 153.532596
694.101946, 101.696148
506.602284, 942.543586
337.337886, 936.343433
664.193060, 616.340579
744.213202, 682.641076
704.699767, 806.760677
975.187837, 379.372054
848.364736, 957.063342
535.882201, 194.882600
176.242706, 502.749136
893.242628, 998.773057
898.847812, 700.377744
596.060500, 26.993017
87.396956, 286.552660
473.797140, 24.934617
741.095959, 192.049605
386.066705, 835.086367
134.391494, 911.655087
974.574047, 102.674898
175.111613, 926.653917
770.208322, 441.131899
507.864892, 60.021706
959.994635, 950.903661
247.440424, 864.715384
227.705872, 447.168365
855.667125, 925.629453
378.452194, 804.894618
363.716099, 477.845409
651.721007, 469.057031
755.649337, 623.969111
706.453939, 81.095821
395.958820, 266.271060
465.658774, 858.843330
842.897301, 303.233273
160.576192, 975.009782
462.137606, 680.972763
528.757622, 278.852207
853.333706, 339.535006
733.897409, 143.566177
92.766724, 315.899391
633.311524, 317.967357
684.355381, 616.528501
653.711514, 339.963432
5.267151, 529.614647
893.166438, 549.574512
938.375003, 364.062774
617.223224, 208.849480
531.878639, 860.967615
473.640996, 960.228240
792.224922, 65.475238
164.673653, 661.860338
861.204719, 870.931025
519.317414, 860.989987
247.102722, 973.418030
294.327614, 800.714803
440.110583, 872.779848
998.515315, 995.131905
828.238347, 497.735362
268.681540, 784.564402
266.216324, 736.730775
475.991587, 586.657103
28.633484, 942.443932
177.033834, 191.085296
115.397237, 376.318251
942.126529, 421.950607
207.562224, 315.463821
50.487513, 297.999468
267.820879, 21.506426
579.046113, 332.310258
341.432361, 581.052190
484.135832, 340.271103
564.984410, 134.922468
580.698430, 939.029487
766.049571, 868.047583
962.027415, 476.950686
193.475314, 363.748925
363.205463, 652.663709
745.614623, 879.049328
577.780876, 610.894847
268.382516, 686.377723
373.993782, 415.048229
308.451243, 702.963721
44.692583, 275.544795
867.068855, 72.481636
713.103780, 749.964884
960.895891, 40.714969
464.631513, 796.404249
832.732101, 72.212038
781.616649, 382.986100
972.909143, 880.599348
152.996394, 764.451876
906.219068, 497.534130
705.440074, 558.981695
527.911050, 308.405598
906.300895, 722.821767
965.323029, 617.147736
926.303275, 639.589824
67.063634, 236.341487
233.339122, 324.302131
317.832521, 542.527626
417.429617, 928.242683
74.841521, 589.963366
74.641045, 959.480168
655.819939, 4.998179
91.214459, 509.503918
240.589980, 518.967675
810.077462, 992.948111
995.551351, 418.610068
987.522975, 402.449314
784.552835, 969.421637
326.815494, 964.616741
76.618908, 561.141103
305.910642, 566.197553
425.258637, 416.458994
273.632226, 339.714516
908.860261, 495.654641
911.664319, 623.629132
478.264729, 369.425549
599.505261, 241.974508
775.901124, 393.141818
206.875583, 597.651843
22.065996, 148.807732
43.029161, 67.480060
643.143059, 1.662606
203.296094, 129.892623
827.707342, 220.145297
825.963752, 379.886571
646.818657, 923.803071
380.763482, 793.635769
976.739462, 148.179833
453.292559, 849.713752
529.620125, 531.532317
920.454659, 714.307851
480.138141, 518.384111
409.968945, 718.168215
982.483443, 156.413611
961.555077, 49.304698
625.240360, 316.124863
340.589595, 944.566520
36.922968, 79.908679
287.227196, 54.008372
350.914399, 605.409996
103.629334, 710.887834
550.722641, 396.522403
8.743728, 632.528935
876.617980, 449.021818
407.607270, 157.736676
561.339833, 302.118581
363.788103, 818.141582
828.323261, 74.149200
586.805226, 397.997782
913.350369, 479.453529
875.239927, 666.145090
235.462702, 978.318800
970.130323, 994.735200
825.546542, 985.707938
648.548910, 790.760617
828.221525, 36.065416
563.703691, 13.891606
744.030364, 149.893449
407.107779, 682.095319
831.083646, 376.046862
965.554246, 995.032367
7.593873, 790.543551
489.111651, 399.784892
690.353306, 794.701559
183.188706, 428.082960
749.177960, 177.296527
784.079092, 3.019665
888.198215, 73.067404
413.071024, 418.148404
798.623689, 730.236764
202.935542, 525.686974
166.556442, 688.072145
820.086127, 57.743014
958.986388, 24.067605
914.849643, 219.596111
310.813627, 822.294495
893.900769, 701.094711
505.384144, 88.905931
66.309486, 495.303280
844.243595, 363.369916
725.265879, 313.119132
202.508752, 568.471788
473.499426, 476.572952
312.952336, 383.711103
355.604506, 115.394091
555.527913, 338.302434
705.192228, 42.566427
889.333373, 843.279355
393.416083, 281.997029
230.793576, 267.475622
578.812474, 196.056782
201.874850, 186.387795
824.566059, 852.576559
131.411538, 754.302314
548.144233, 320.592157
711.934057, 834.145729
254.165985, 319.915771
46.265591, 736.917221
991.331813, 891.492455
374.542472, 347.776317
773.019513, 626.053889
728.752072, 7.067909
130.479063, 606.506346
989.406458, 780.048525
384.146976, 76.486585
615.617117, 30.453866
371.685867, 338.722530
315.933279, 234.917025
783.844686, 409.933783
732.417552, 689.696004
929.025023, 553.265957
510.121994, 830.018741
779.642520, 737.315032
258.381993, 766.996741
304.752171, 587.859219
400.645844, 231.753160
352.490557, 914.699157
435.726367, 36.156803
34.004395, 750.352666
522.497246, 857.573457
534.445474, 734.798561
481.029944, 601.371609
515.755578, 279.565962
317.079989, 195.993257
615.851693, 948.017283
73.018636, 269.475946
719.072498, 431.485130
188.634835, 517.035189
823.795216, 140.467749
779.272190, 997.058094
320.827602, 701.746982
155.547704, 82.142379
907.540094, 228.638649
327.313942, 18.249062
556.437954, 850.709355
384.312648, 915.539164
658.145386, 550.162103
721.610608, 406.413671
773.757747, 111.322484
693.765629, 902.577185
820.008321, 692.852654
534.129248, 82.593601
169.234842, 875.215883
229.891897, 235.560650
479.101264, 249.926709
372.444686, 607.646130
383.329708, 745.603864
84.069398, 70.967655
130.975371, 586.491185
112.010417, 215.187982
389.917676, 900.310854
298.146498, 820.701462
680.063040, 19.956088
266.754914, 809.450823
538.964488, 278.749669
309.326862, 234.808837
992.649342, 741.631607
776.410845, 414.767380
20.396081, 40.311879
604.274586, 827.794840
880.709573, 161.360483
77.320408, 731.693199
81.810478, 46.109870
972.181271, 828.351482
779.417792, 860.153736
423.552445, 482.349593
710.297462, 364.486180
548.421355, 563.580831
225.871726, 911.827084
249.439832, 256.650416
737.124418, 685.583410
626.888143, 173.830216
56.621015, 532.187905
371.613059, 351.252998
419.734127, 510.120300
928.327861, 814.949257
413.341528, 825.153426
239.904137, 247.732481
33.771893, 445.290823
32.021644, 125.757781
217.792477, 272.656966
798.918287, 614.036347
133.311318, 435.295105
670.208968, 467.765278
339.024386, 35.328099
525.487162, 783.174774
965.307838, 377.913003
484.982854, 807.126468
335.316639, 9.849750
172.771670, 394.003910
778.428019, 682.196909
231.780831, 44.654870
60.078583, 289.978360
551.858019, 315.835643
788.580299, 46.917127
898.111920, 504.493106
18.468221, 480.903716
761.181754, 18.910473
385.695567, 370.172720
714.126875, 384.936650
283.030290, 685.795355
258.832494, 505.836473
140.721514, 903.362612
231.320224, 582.105072
605.973114, 764.840632
670.753044, 521.792699
521.366277, 78.481306
641.379206, 654.398689
57.152375, 130.837607
893.373876, 665.359805
814.462675, 814.067842
216.542867, 484.954054
833.611952, 799.771144
238.473827, 439.755971
700.103421, 561.388740
558.504728, 426.856545
400.946240, 680.322944
812.333258, 882.137026
655.941322, 523.880689
888.221607, 497.839960
756.397961, 102.064535
947.918750, 243.765463
439.108793, 868.642051
250.708240, 474.751631
827.061755, 362.094200
148.009555, 854.856609
751.742077, 604.007260
552.703382, 5.864869
593.098095, 656.498033
601.700215, 434.827631
878.031801, 432.366580
863.945118, 922.369175
610.287143, 297.103929
295.001740, 232.015858
843.081237, 233.117544
780.123285, 18.939966
813.273844, 175.162964
962.878683, 198.327562
516.773821, 924.842606
3.736970, 242.787908
73.959287, 435.614374
183.347627, 427.365630
469.352180, 428.281303
26.961353, 893.426594
970.313421, 354.897510
762.511689, 151.010499
176.352800, 376.179853
625.514922, 180.800701
357.277571, 699.364315
692.819929, 238.997830
644.068757, 726.166250
801.275891, 863.065418
905.004664, 498.176196
927.988621, 864.749745
142.946039, 463.361225
673.715900, 606.832432
257.698564, 56.888020
61.609508, 822.851365
438.340607, 820.032966
531.801220, 578.868973
956.788045, 439.182135
229.278519, 18.717379
502.985857, 767.213031
198.909390, 684.307587
375.833020, 523.216141
745.189958, 5.661082
851.419297, 258.889493
677.399371, 808.491132
460.231527, 783.158512
880.825692, 87.240018
217.391896, 145.524783
166.502923, 773.980585
143.456994, 657.589061
201.109804, 610.823736
76.217904, 858.047807
495.515792, 339.720510
102.277921, 808.294496
409.601666, 413.868120
87.527707, 783.731364
303.160740, 463.119102
311.602880, 239.944730
335.871462, 373.787667
434.979664, 524.140022
795.000184, 288.158893
34.455781, 241.148304
863.841185, 494.136271
66.206612, 364.215820
854.313734, 924.149144
854.984798, 232.118839
730.512334, 290.445016
522.055497, 699.201315
146.235610, 89.140554
233.010496, 771.669621
510.670155, 469.456529
295.153770, 885.302003
640.258333, 343.534630
947.066620, 496.967885
384.544023, 467.293398
540.454109, 655.539690
863.033950, 791.409868
79.065964, 112.101094
233.927492, 796.174449
547.683520, 913.523778
85.346454, 506.681297
740.010175, 695.195268
795.114739, 755.878243
567.148780, 27.343337
710.591669, 817.503253
152.267739, 534.063724
861.101238, 181.082221
223.767167, 484.120323
499.687169, 706.797995
882.978400, 775.443810
775.508856, 633.512597
191.997849, 421.570033
739.329033, 181.580106
898.200229, 140.523655
380.281476, 461.498182
721.377770, 972.571513
242.635225, 717.217741
227.853417, 764.002168
827.332208, 984.377713
323.044377, 249.945396
153.289422, 502.996102
818.995510, 65.784687
317.545238, 113.923288
81.061736, 494.597554
845.762195, 811.083238
721.739590, 876.540125
185.463224, 442.356406
261.588747, 699.223133
474.521660, 631.541755
661.187763, 542.498860
519.241185, 403.585564
900.457988, 166.008430
310.847322, 112.105994
728.206857, 857.137984
359.135479, 623.924086
604.784315, 806.707627
420.116935, 823.480163
904.121885, 534.602604
864.524998, 298.242565
383.287078, 356.226591
26.495868, 322.673369
250.110588, 214.984404
734.216250, 786.651759
558.836603, 381.916451
450.490055, 721.211553
838.973987, 924.919535
352.738586, 791.248455
749.760935, 864.872874
404.466147, 384.360304
713.460304, 145.315967
257.869968, 661.893121
449.720569, 569.479662
885.920315, 952.684453
829.265111, 346.603729
936.048598, 262.116611
556.588398, 31.848605
145.124054, 224.262265
988.849170, 124.715676
868.031684, 530.712446
232.443815, 790.373483
757.859147, 341.145146
565.173920, 571.692603
167.029474, 24.186737
808.216432, 9.847617
723.148438, 319.792892
185.117405, 498.716713
413.089311, 696.295299
52.293538, 608.519980
511.498347, 18.636901
92.220475, 635.054022
4.213647, 521.218292
555.714485, 219.757679
398.453369, 545.478003
803.377213, 511.136566
774.152237, 229.535775
293.601539, 638.293433
549.923785, 406.432506
879.646783, 817.198102
621.214901, 918.925904
23.111708, 861.253133
676.642456, 277.026370
714.991446, 834.298785
708.524083, 477.946290
794.964874, 771.325963
745.006615, 692.219952
431.068960, 295.733894
278.259985, 384.244584
931.407362, 332.057810
28.849930, 90.296915
280.034298, 73.135472
501.633627, 161.414553
820.032028, 495.766702
722.321130, 989.189778
264.887952, 545.490193
591.789751, 2.408269
871.504569, 349.023073
551.549665, 836.067032
298.332267, 366.861895
279.970915, 322.257664
998.984589, 695.816331
703.467250, 851.433878
186.633798, 251.802501
347.851897, 112.847191
762.393210, 929.981648
587.872509, 992.890610
614.728247, 828.707737
650.894071, 924.173202
830.041603, 676.922667
583.183396, 197.017066
677.996307, 384.444312
814.587692, 2.565874
427.109597, 958.060982
779.905211, 369.275278
22.974053, 128.227368
879.721822, 719.493219
808.653390, 562.018291
195.666915, 681.834391
479.356989, 401.223195
293.472180, 88.953087
873.822151, 706.144837
600.564548, 251.781046
555.456071, 669.103274
91.124204, 498.325246
582.551807, 719.834559
513.666291, 473.003309
845.036768, 680.492448
667.953564, 437.758245
278.168036, 720.436460
490.707883, 694.324344
828.382067, 53.431457
520.383586, 570.545420
228.079053, 591.965629
13.216100, 30.141622
930.348781, 714.151198
631.032604, 579.500304
344.679291, 505.623219
797.885467, 289.798208
822.195100, 735.569261
367.944249, 93.054106
451.167804, 249.217219
875.743142, 365.231033
886.986290, 881.863908
191.119880, 810.278645
411.722096, 863.822699
287.094978, 712.370009
386.887004, 970.783659
704.375135, 702.410155
779.690297, 197.256827
999.040764, 105.946934
811.943750, 447.535040
984.300925, 10.746939
702.898546, 750.386242
425.387353, 84.153775
465.201207, 523.135941
262.600894, 39.238450
726.690715, 335.183180
31.930095, 240.054126
952.712531, 913.289609
564.563155, 100.650401
566.996289, 31.785583
656.342086, 948.085038
656.185086, 474.597949
254.512094, 971.057786
215.267161, 786.425921
258.253400, 51.321790
529.255861, 278.971169
489.979759, 992.017400
136.957897, 423.033823
210.233285, 705.394747
487.199019, 375.108465
616.141165, 101.122673
538.674764, 985.037081
819.782140, 981.044133
625.044825, 653.572019
268.681297, 55.203061
637.535788, 282.324721
811.608737, 112.778209
717.227339, 788.941269
173.905577, 7.345172
194.423477, 351.358200
53.803785, 228.148928
570.101584, 21.906443
316.571282, 632.523543
116.868272, 623.408295
52.562721, 7.431973
963.186557, 299.420325
626.701110, 519.492392
205.651705, 70.991894
453.329184, 950.872050
241.552929, 719.312827
100.829986, 472.001761
921.353739, 928.960748
533.300506, 141.195395
930.104308, 364.105874
4.999729, 179.867922
306.457703, 816.676226
135.827846, 177.772309
115.784727, 566.279354
431.030166, 643.190532
256.719650, 692.573908
329.547309, 922.832443
434.374067, 530.379749
745.330193, 785.242349
861.924739, 137.109222
430.631877, 513.688916
401.907456, 741.820922
100.516369, 303.749715
69.156080, 562.321402
916.979830, 425.626846
431.656960, 3.106202
881.103388, 267.544721
139.687023, 351.235303
976.778907, 962.534604
635.008510, 199.894674
33.168223, 219.397042
558.666473, 406.677406
75.266038, 248.809356
184.190729, 340.071334
511.364034, 407.196927
844.998797, 744.696531
355.015771, 330.441522
222.283352, 675.047366
125.352477, 143.496211
208.991235, 335.665373
363.284287, 502.882636
742.856383, 243.971941
366.621547, 788.717968
313.829138, 771.574693
221.855929, 450.634047
759.228393, 631.438089
798.632731, 7.678494
54.365119, 393.390430
59.629633, 964.375176
823.412859, 575.056694
675.845429, 394.271540
830.407723, 368.393837
316.443341, 378.474566
872.044004, 337.311287
941.264432, 761.228910
165.245853, 978.488328
927.670107, 921.947701
785.732915, 206.764657
895.567329, 990.823356
105.264092, 923.916479
267.286422, 809.164531
2.790618, 330.977439
166.342267, 536.168629
500.688219, 547.363254
337.037926, 705.699594
38.878224, 144.538604
797.439514, 766.325396
546.306348, 184.447832
209.560787, 350.011994
544.111629, 620.679719
308.275881, 320.525587
390.127828, 252.710094
16.664970, 983.590170
592.423279, 363.342133
364.551363, 729.580775
67.007283, 623.686806
946.251682, 603.478483
113.092757, 957.165367
479.764534, 908.283665
105.759464, 828.877927
168.323522, 426.290623
996.625787, 872.767648
695.479418, 758.354969
528.916345, 225.227772
929.738144, 685.367267
720.380815, 526.924156
599.475338, 381.976926
700.447667, 869.301105
870.986075, 651.630768
94.800714, 243.615432
836.802450, 707.460166
436.010913, 546.490545
158.539624, 288.338346
676.650831, 71.308148
965.759700, 507.391261
393.390617, 255.542687
58.487177, 296.612088
119.065887, 95.607562
624.629198, 604.343408
397.140518, 560.202031
877.752332, 147.381877
257.176219, 150.912931
673.772863, 394.554909
420.504787, 693.108619
619.885405, 224.737582
452.727922, 757.082048
43.928555, 178.996457
835.037287, 852.729068
265.239382, 547.348950
680.390266, 859.066218
167.936070, 287.158288
832.280031, 515.272976
757.599266, 965.651081
282.738879, 555.233438
910.412678, 829.359540
657.121651, 375.480592
699.562203, 780.526542
121.414278, 118.074652
695.190757, 107.702799
953.230789, 566.996675
340.937871, 82.306060
193.279251, 75.237530
130.798591, 644.119954
872.595219, 149.038259
660.675331, 17.786063
377.928628, 950.558563
5.649476, 684.170048
264.888202, 722.016881
244.579047, 402.910684
961.418779, 172.898854
853.984663, 125.195576
369.116927, 471.436837
702.932104, 868.137460
700.006605, 945.369998
900.190329, 312.744939
8.432002, 505.792175
448.454117, 630.110002
413.924214, 4.991799
879.752312, 884.004327
838.760042, 312.239959
182.014678, 852.640581
369.018576, 445.485532
57.211391, 833.804264
574.137547, 124.072188
867.095773, 939.097013
96.026798, 398.680869
574.616995, 563.437334
515.560396, 902.327259
564.475026, 743.465158
275.693247, 883.595160
647.849903, 68.158644
585.579533, 31.187600
87.221213, 133.621518
516.402317, 136.380827
156.522394, 296.564362
986.016550, 713.212246
878.986630, 624.275633
19.112595, 468.783451
235.779565, 656.594494
463.355375, 781.499569
810.206193, 921.857626
988.954120, 463.144870
435.374879, 71.798304
75.169134, 827.810262
264.340360, 186.856499
406.160769, 356.824396
481.827094, 967.582800
751.714214, 151.257374
459.247227, 818.259703
428.909845, 327.400580
50.039464, 239.262292
473.228495, 586.421229
725.479309, 763.378814
650.629780, 635.457681
976.775633, 23.646101
580.559637, 343.904578
827.878844, 8.677694
98.835842, 872.971198
758.740201, 861.907731
337.427267, 332.148033
4.746668, 296.213695
928.650014, 832.836600
338.495420, 48.038419
205.877354, 251.484629
63.914070, 961.635766
505.267184, 528.420602
902.605128, 642.488247
67.361439, 803.658930
733.956108, 820.554421
116.277557, 208.669713
368.948962, 927.643777
543.385442, 202.466907
282.432789, 344.462466
784.090923, 253.876767
577.346967, 138.171752
423.419070, 306.044681
251.474588, 186.817315
76.396871, 114.383697
756.885774, 784.868761
493.277781, 406.125667
626.164829, 688.393447
192.856050, 91.058951
140.268121, 860.393240
244.194733, 532.929926
96.017590, 125.851422
972.682826, 708.676500
462.401575, 203.738367
239.213407, 969.074636
607.809330, 511.954485
59.345526, 177.866070
599.923524, 330.615072
152.431574, 264.704035
159.398398, 463.145058
782.919913, 411.140991
808.506086, 150.140887
305.000887, 796.813985
865.127664, 548.370545
422.831153, 834.123240
419.326307, 443.863182
1.155819, 771.965285
640.609229, 255.909698
304.360082, 369.087342
61.025231, 702.533718
93.965321, 139.802815
579.388734, 648.203836
862.236953, 59.638370
120.617308, 11.906045
635.837934, 552.395921
299.480434, 118.398937
695.770643, 83.306947
483.907010, 500.723948
173.494774, 327.008865
484.468698, 582.143051
220.539297, 762.489215
788.831662, 732.039299
285.807647, 557.755692
897.445116, 71.018978
627.785294, 869.227326
188.105020, 404.982077
301.750073, 700.675861
190.209127, 52.223432
877.885831, 955.810674
811.609881, 522.407135
942.378162, 140.454872
984.105614, 402.163204
372.630961, 220.314050
122.968305, 663.152055
112.484032, 465.279578
583.740243, 231.812097
436.911033, 565.634004
710.242088, 855.713123
394.328883, 326.071170
140.052854, 419.007742
901.111446, 971.827527
863.652758, 769.534782
497.149104, 571.335211
522.196697, 801.857003
903.242732, 844.666382
477.849885, 811.145908
875.206917, 12.690788
717.189030, 994.591505
954.811187, 158.384201
349.853652, 562.973604
20.443067, 902.770365
886.111953, 665.322456
328.804013, 332.025399
962.202485, 72.374627
76.418675, 869.230125
80.013931, 87.978482
586.603254, 801.801428
501.530594, 442.264267
597.363317, 356.243383
377.263848, 690.621353
785.809723, 453.204313
902.607957, 129.671045
237.674469, 25.653068
674.727058, 457.369910
358.468775, 623.100255
360.242091, 709.706444
304.196513, 546.411716
823.498673, 909.085160
350.682778, 225.796241
593.034680, 606.428555
162.127488, 118.274886
918.390319, 901.448852
145.023687, 575.363260
609.184739, 639.767955
472.456619, 225.426999
768.034049, 363.732604
464.502813, 952.764928
208.987292, 970.036866
6.479817, 735.476493
276.157578, 225.973268
136.817947, 96.654123
311.635214, 137.563158
397.993072, 334.431582
907.637287, 265.215545
855.132626, 351.672784
501.171838, 866.440192
444.312752, 658.732088
323.833662, 50.147230
5.312440, 847.790560
140.862418, 321.436201
486.236325, 538.832468
483.758995, 830.563002
733.935480, 50.756126
596.283800, 873.184720
863.774205, 267.676083
770.633670, 94.759219
163.945833, 695.379459
770.002575, 737.587465
510.570033, 787.482097
912.191459, 381.839493
293.654000, 25.699531
255.793169, 990.491217
456.055496, 161.179918
655.787168, 649.928525
769.721480, 340.998956
383.393295, 298.655590
794.458127, 866.936917
929.726148, 828.417741
295.810265, 23.069629
714.752459, 497.949575
769.507763, 757.087538
981.450949, 692.519825
362.725857, 440.528463
483.752075, 380.665789
12.831533, 271.216049
